desc: I1 cache:         32768 B, 32 B, 4-way associative
desc: D1 cache:         32768 B, 32 B, 4-way associative
desc: LL cache:         524288 B, 32 B, 8-way associative
cmd: /tmp/01-holamundo
events: Ir I1mr ILmr Dr D1mr DLmr Dw D1mw DLmw 
fl=/build/glibc-qeih7b/glibc-2.24/csu/../csu/init-first.c
fn=_init
52 13 2 2 0 0 0 6 1 1
58 4 1 1 2 1 0 1 0 0
65 6 2 2 4 3 0 1 1 1
70 2 0 0 1 0 0 1 1 0
71 2 0 0 1 0 0 1 0 0
72 2 0 0 1 0 0 1 1 1
86 7 1 1 2 0 0 1 0 0
94 3 1 1 1 0 0 0 0 0
99 8 0 0 6 0 0 0 0 0
fl=/build/glibc-qeih7b/glibc-2.24/csu/../sysdeps/generic/dl-hash.h
fn=_init
45 12 1 1 4 1 1 0 0 0
48 12 0 0 0 0 0 0 0 0
62 8 0 0 0 0 0 0 0 0
67 1 0 0 0 0 0 0 0 0
fl=/build/glibc-qeih7b/glibc-2.24/csu/../sysdeps/unix/mips/sysdep.S
fn=__syscall_error
37 21 1 1 0 0 0 0 0 0
45 6 1 1 0 0 0 3 0 0
47 3 0 0 0 0 0 3 0 0
48 3 0 0 0 0 0 3 0 0
60 12 0 0 6 0 0 0 0 0
63 3 0 0 3 0 0 0 0 0
64 3 1 1 0 0 0 3 0 0
67 3 0 0 3 0 0 0 0 0
69 3 0 0 0 0 0 0 0 0
71 6 0 0 0 0 0 0 0 0
fl=/build/glibc-qeih7b/glibc-2.24/csu/../sysdeps/unix/sysv/linux/mips/init-first.c
fn=_init
30 18 3 3 2 1 0 4 0 0
32 7 1 1 3 0 0 0 0 0
34 1 0 0 1 0 0 0 0 0
36 7 1 1 2 0 0 1 0 0
38 1 0 0 1 0 0 0 0 0
fl=/build/glibc-qeih7b/glibc-2.24/csu/errno-loc.c
fn=__errno_location
25 9 1 1 0 0 0 0 0 0
27 6 0 0 3 0 0 0 0 0
fl=/build/glibc-qeih7b/glibc-2.24/csu/libc-start.c
fn=(below main)
134 15 2 2 0 0 0 10 0 0
138 4 1 1 3 0 0 0 0 0
220 2 0 0 0 0 0 1 0 0
221 5 1 1 2 1 0 0 0 0
243 5 1 1 3 0 0 0 0 0
246 2 0 0 1 0 0 0 0 0
247 6 1 1 4 0 0 0 0 0
251 4 0 0 2 0 0 0 0 0
266 2 0 0 0 0 0 0 0 0
278 3 1 1 1 0 0 0 0 0
279 2 0 0 1 0 0 0 0 0
281 2 0 0 0 0 0 0 0 0
284 2 0 0 1 1 0 1 0 0
285 2 0 0 1 0 0 1 0 0
288 1 0 0 0 0 0 0 0 0
291 8 1 1 6 0 0 1 0 0
325 5 1 1 1 0 0 0 0 0
fl=/build/glibc-qeih7b/glibc-2.24/ctype/ctype-info.c
fn=__ctype_init
29 3 1 1 0 0 0 0 0 0
31 11 1 1 5 0 0 1 0 0
33 5 1 1 2 0 0 1 0 0
35 6 1 1 2 0 0 1 0 0
fl=/build/glibc-qeih7b/glibc-2.24/elf/../elf/dl-sysdep.c
fn=_dl_sysdep_start
86 16 4 4 0 0 0 12 2 2
110 2 0 0 1 0 0 1 0 0
111 88 2 2 42 4 4 4 3 3
114 2 0 0 1 0 0 1 1 1
117 120 9 9 33 7 7 10 0 0
118 136 1 1 18 4 4 1 0 0
122 2 0 0 1 0 0 0 0 0
125 2 0 0 1 0 0 0 0 0
127 1 1 1 1 0 0 0 0 0
128 2 0 0 0 0 0 0 0 0
130 1 0 0 1 0 0 0 0 0
131 2 0 0 0 0 0 0 0 0
151 1 1 1 1 0 0 0 0 0
152 2 0 0 0 0 0 0 0 0
157 2 1 1 1 0 0 0 0 0
158 2 1 1 0 0 0 0 0 0
163 1 0 0 1 0 0 0 0 0
164 2 0 0 0 0 0 0 0 0
179 1 0 0 1 0 0 0 0 0
180 3 1 1 0 0 0 1 0 0
234 8 2 2 3 0 0 0 0 0
240 2 1 1 0 0 0 1 0 0
246 3 0 0 2 0 0 0 0 0
249 6 1 1 2 0 0 0 0 0
250 1 0 0 1 1 0 0 0 0
251 12 3 2 10 2 0 0 0 0
fn=_dl_sysdep_start_cleanup
256 2 1 0 0 0 0 0 0 0
fl=/build/glibc-qeih7b/glibc-2.24/elf/../misc/sbrk.c
fn=sbrk
34 9 2 2 0 0 0 5 1 1
42 8 1 1 5 1 1 0 0 0
46 2 0 0 1 0 0 0 0 0
62 6 2 2 3 0 0 0 0 0
fl=/build/glibc-qeih7b/glibc-2.24/elf/../string/string.h
fn=_dl_allocate_tls_init
650 6 1 1 3 0 0 0 0 0
fn=_dl_important_hwcaps
650 6 2 2 3 0 0 0 0 0
fn=_dl_new_object
650 55 2 2 4 0 0 0 0 0
fl=/build/glibc-qeih7b/glibc-2.24/elf/../sysdeps/generic/dl-hash.h
fn=do_lookup_x
31 202 1 1 202 0 0 0 0 0
32 505 0 0 202 0 0 0 0 0
34 101 0 0 0 0 0 0 0 0
35 303 1 1 101 0 0 0 0 0
37 101 0 0 0 0 0 0 0 0
38 404 0 0 202 0 0 0 0 0
40 101 0 0 0 0 0 0 0 0
41 404 1 1 202 0 0 0 0 0
43 192 1 1 0 0 0 0 0 0
44 96 0 0 96 0 0 0 0 0
45 3090 0 0 1094 0 0 0 0 0
48 2706 0 0 0 0 0 0 0 0
62 1804 1 1 0 0 0 0 0 0
67 298 0 0 0 0 0 0 0 0
fl=/build/glibc-qeih7b/glibc-2.24/elf/../sysdeps/generic/ldsodefs.h
fn=_dl_relocate_object
102 300 1 1 100 0 0 0 0 0
fn=do_lookup_x
102 903 2 2 541 0 0 0 0 0
fl=/build/glibc-qeih7b/glibc-2.24/elf/../sysdeps/mips/dl-machine-reject-phdr.h
fn=elf_machine_reject_phdr_p
46 46 1 1 3 0 0 2 1 1
47 40 5 5 11 4 4 0 0 0
57 15 1 1 5 2 2 0 0 0
59 3 0 0 3 0 0 0 0 0
64 12 0 0 3 2 2 0 0 0
67 9 1 1 6 0 0 0 0 0
69 9 0 0 3 3 3 0 0 0
73 6 0 0 3 2 2 3 0 0
74 9 1 1 3 0 0 3 0 0
158 30 4 4 0 0 0 20 1 1
172 8 1 1 1 0 0 0 0 0
179 2 0 0 2 0 0 0 0 0
181 10 1 1 4 0 0 0 0 0
182 2 0 0 0 0 0 0 0 0
191 6 0 0 2 0 0 0 0 0
194 6 0 0 2 1 1 0 0 0
197 2 1 1 2 1 1 0 0 0
201 8 2 2 2 0 0 0 0 0
204 6 0 0 0 0 0 0 0 0
208 20 2 2 12 1 1 0 0 0
212 64 0 0 0 0 0 0 0 0
213 143 0 0 37 15 15 0 0 0
229 15 1 1 0 0 0 0 0 0
230 3 0 0 0 0 0 0 0 0
237 14 0 0 0 0 0 0 0 0
240 20 0 0 0 0 0 0 0 0
243 83 2 2 27 0 0 0 0 0
255 30 1 1 0 0 0 0 0 0
260 12 1 1 0 0 0 0 0 0
261 20 1 1 5 0 0 0 0 0
273 4 1 1 0 0 0 0 0 0
274 4 0 0 0 0 0 0 0 0
323 4 1 1 0 0 0 0 0 0
324 26 2 2 20 0 0 0 0 0
fl=/build/glibc-qeih7b/glibc-2.24/elf/../sysdeps/mips/dl-machine.h
fn=__dl_runtime_resolve
124 3 2 2 0 0 0 0 0 0
fn=_dl_relocate_object
499 1293 1 1 0 0 0 0 0 0
512 12936 6 6 1275 0 0 4 0 0
525 196 4 4 14 1 1 0 0 0
547 56 1 1 14 0 0 0 0 0
549 113 2 2 43 1 0 6 0 0
552 98 1 1 28 1 1 14 0 0
572 2550 1 1 2550 233 231 0 0 0
576 2550 1 1 0 0 0 1275 0 0
578 18 0 0 18 2 0 0 0 0
581 27 0 0 9 0 0 0 0 0
607 9 0 0 9 0 0 0 0 0
608 9 1 1 9 1 0 0 0 0
612 117 2 2 45 1 0 9 0 0
618 3798 1 1 2532 0 0 0 0 0
620 3771 1 1 1256 0 0 1256 0 0
622 5119 2 2 2550 0 0 10200 0 0
666 8 0 0 0 0 0 0 0 0
693 62 2 2 14 0 0 20 0 0
803 12 0 0 4 3 1 0 0 0
804 6 0 0 3 2 0 0 0 0
808 8 0 0 4 1 0 0 0 0
810 4 0 0 4 3 0 0 0 0
812 28 1 1 8 3 0 8 0 0
816 9 1 1 3 0 0 0 0 0
820 6 0 0 0 0 0 0 0 0
822 2423 3 3 1204 0 0 0 0 0
823 4816 0 0 1204 151 151 1204 0 0
828 4 0 0 0 0 0 0 0 0
830 11 0 0 8 5 0 0 0 0
831 20 1 1 8 0 0 0 0 0
832 4 0 0 4 0 0 0 0 0
833 8 0 0 4 0 0 0 0 0
836 240 3 3 4 0 0 0 0 0
838 312 0 0 104 44 41 0 0 0
840 111 2 2 30 0 0 0 0 0
841 16 1 1 8 0 0 0 0 0
843 8 0 0 0 0 0 0 0 0
851 89 0 0 22 3 2 17 0 0
853 166 2 2 0 0 0 0 0 0
854 2 0 0 0 0 0 0 0 0
855 336 0 0 83 0 0 0 0 0
856 60 1 1 45 3 1 0 0 0
858 10 1 1 0 0 0 0 0 0
859 16 1 1 4 0 0 4 0 0
863 165 3 3 35 3 0 30 0 0
865 136 0 0 0 0 0 0 0 0
871 4258 7 7 1109 8 4 957 13 11
873 104 0 0 0 0 0 0 0 0
874 104 0 0 0 0 0 0 0 0
895 12 1 1 8 0 0 0 0 0
901 10 1 1 7 2 0 0 0 0
910 9 0 0 3 3 2 3 0 0
911 15 2 2 3 0 0 3 0 0
920 12 0 0 8 0 0 0 0 0
fn=_dl_start
153 5 1 1 1 0 0 0 0 0
499 11 1 1 0 0 0 0 0 0
512 30 1 1 1 0 0 0 0 0
572 20 1 1 20 2 2 0 0 0
576 20 0 0 0 0 0 10 0 0
620 50 2 2 20 0 0 10 0 0
622 40 0 0 10 0 0 80 0 0
fn=_dl_sysdep_start
447 3 0 0 2 0 0 0 0 0
fn=open_verify.constprop.7
113 8 0 0 2 0 0 0 0 0
116 6 1 1 2 0 0 0 0 0
fl=/build/glibc-qeih7b/glibc-2.24/elf/../sysdeps/mips/dl-procinfo.h
fn=_dl_load_cache_lookup
44 5 3 3 0 0 0 1 0 0
fl=/build/glibc-qeih7b/glibc-2.24/elf/../sysdeps/mips/dl-trampoline.c
fn=__dl_runtime_resolve
40 4 0 0 2 0 0 0 0 0
45 1 0 0 1 0 0 0 0 0
47 2 0 0 0 0 0 0 0 0
53 1 1 1 1 0 0 0 0 0
59 11 0 0 5 0 0 0 0 0
61 25 2 2 5 5 0 0 0 0
63 3 0 0 2 0 0 0 0 0
64 1 1 1 0 0 0 0 0 0
65 7 0 0 1 1 0 0 0 0
124 8 1 1 0 0 0 7 0 0
127 4 0 0 2 0 0 0 0 0
128 3 0 0 2 0 0 0 0 0
130 2 0 0 2 0 0 0 0 0
131 2 0 0 2 0 0 0 0 0
133 2 1 1 2 0 0 0 0 0
135 3 1 1 0 0 0 1 0 0
140 4 1 1 1 0 0 0 0 0
142 3 0 0 1 0 0 0 0 0
148 4 1 1 2 0 0 0 0 0
149 4 0 0 1 0 0 0 0 0
151 3 1 1 1 1 0 0 0 0
156 4 0 0 1 1 0 0 0 0
159 8 1 1 2 0 0 3 0 0
183 4 1 1 1 0 0 1 0 0
188 4 0 0 2 0 0 0 0 0
195 5 1 1 2 0 0 0 0 0
203 4 0 0 0 0 0 1 0 0
206 9 2 2 6 0 0 0 0 0
fl=/build/glibc-qeih7b/glibc-2.24/elf/../sysdeps/posix/dl-fileid.h
fn=_dl_map_object_from_fd
37 16 0 0 4 0 0 2 0 0
40 4 0 0 2 0 0 2 0 0
41 6 1 1 4 0 0 2 0 0
49 36 1 1 14 1 1 0 0 0
fl=/build/glibc-qeih7b/glibc-2.24/elf/../sysdeps/unix/sysv/linux/dl-osinfo.h
fn=security_init
62 2 0 0 2 0 0 0 0 0
66 1 0 0 0 0 0 0 0 0
77 3 0 0 2 1 1 0 0 0
fl=/build/glibc-qeih7b/glibc-2.24/elf/../sysdeps/unix/sysv/linux/dl-sysdep.c
fn=_dl_discover_osversion
45 15 3 3 0 0 0 11 1 1
47 4 0 0 3 0 0 0 0 0
87 5 2 2 1 0 0 0 0 0
102 1 0 0 0 0 0 0 0 0
106 1 0 0 0 0 0 0 0 0
107 1 0 0 0 0 0 0 0 0
109 18 1 1 3 1 1 0 0 0
113 18 1 1 3 0 0 0 0 0
119 3 0 0 0 0 0 0 0 0
120 3 1 1 0 0 0 0 0 0
121 3 0 0 0 0 0 0 0 0
123 12 1 1 2 0 0 0 0 0
128 3 2 2 1 0 0 0 0 0
132 11 1 1 9 0 0 0 0 0
fn=_dl_sysdep_start
35 6 1 1 1 0 0 1 0 0
fl=/build/glibc-qeih7b/glibc-2.24/elf/../sysdeps/unix/sysv/linux/dl-vdso.c
fn=_dl_vdso_vsym
26 12 1 1 0 0 0 4 2 2
27 4 0 0 4 0 0 0 0 0
28 2 0 0 0 0 0 0 0 0
31 4 1 1 0 0 0 0 0 0
49 6 2 2 2 0 0 0 0 0
fl=/build/glibc-qeih7b/glibc-2.24/elf/../sysdeps/unix/sysv/linux/mips/brk.c
fn=brk
32 3 1 1 0 0 0 0 0 0
36 2 1 1 0 0 0 0 0 0
37 1 0 0 1 0 0 0 0 0
39 3 0 0 0 0 0 1 1 1
45 1 0 0 0 0 0 0 0 0
46 2 0 0 0 0 0 0 0 0
fl=/build/glibc-qeih7b/glibc-2.24/elf/./dl-load.h
fn=_dl_map_object_from_fd
90 12 1 1 0 0 0 0 0 0
91 8 0 0 4 0 0 2 0 0
93 12 1 1 4 0 0 0 0 0
94 5 2 2 2 0 0 0 0 0
95 7 0 0 2 0 0 0 0 0
96 3 1 1 1 0 0 0 0 0
98 3 0 0 0 0 0 1 0 0
fl=/build/glibc-qeih7b/glibc-2.24/elf/./dl-map-segments.h
fn=_dl_map_object_from_fd
50 2 0 0 2 0 0 0 0 0
56 24 2 2 8 0 0 6 2 2
60 10 1 1 4 0 0 2 0 0
63 4 0 0 0 0 0 2 0 0
64 4 0 0 0 0 0 2 0 0
66 6 1 1 2 0 0 0 0 0
72 20 1 1 10 0 0 0 0 0
73 8 1 1 0 0 0 2 0 0
76 10 0 0 2 0 0 2 0 0
86 28 1 1 0 0 0 0 0 0
88 10 1 1 4 0 0 0 0 0
90 34 2 2 14 0 0 8 0 0
100 20 0 0 8 0 0 0 0 0
106 4 1 1 2 0 0 0 0 0
107 2 0 0 0 0 0 0 0 0
108 14 1 1 2 0 0 0 0 0
109 2 0 0 0 0 0 0 0 0
116 6 0 0 0 0 0 0 0 0
119 6 0 0 2 0 0 0 0 0
127 26 1 1 10 0 0 8 0 0
133 6 0 0 0 0 0 0 0 0
137 11 3 3 2 0 0 4 0 0
140 3 0 0 2 0 0 0 0 0
145 4 1 1 0 0 0 0 0 0
fl=/build/glibc-qeih7b/glibc-2.24/elf/dl-cache.c
fn=_dl_cache_libcmp
139 96 2 2 32 0 0 0 0 0
141 155 0 0 0 0 0 0 0 0
143 6 1 1 1 0 0 0 0 0
149 1 1 1 0 0 0 0 0 0
150 1 0 0 0 0 0 0 0 0
151 6 0 0 1 0 0 0 0 0
153 6 1 1 1 0 0 0 0 0
155 2 0 0 0 0 0 0 0 0
161 180 2 2 30 7 7 0 0 0
163 60 0 0 0 0 0 0 0 0
164 10 0 0 0 0 0 0 0 0
171 3 0 0 1 0 0 0 0 0
fn=_dl_load_cache_lookup
185 16 3 3 0 0 0 11 1 1
193 5 0 0 2 0 0 0 0 0
196 4 1 1 2 0 0 0 0 0
199 8 2 2 4 0 0 0 0 0
207 7 0 0 2 0 0 0 0 0
208 9 1 1 3 0 0 0 0 0
212 1 0 0 0 0 0 1 0 0
215 7 2 2 1 0 0 0 0 0
218 3 0 0 1 0 0 1 0 0
219 4 0 0 0 0 0 1 0 0
220 9 1 1 2 0 0 0 0 0
247 5 1 1 2 0 0 0 0 0
256 2 0 0 1 0 0 0 0 0
258 1 0 0 1 0 0 0 0 0
262 7 1 1 3 0 0 1 0 0
281 171 17 17 25 7 7 0 0 0
297 4 0 0 1 0 0 0 0 0
301 2 1 1 0 0 0 0 0 0
309 9 0 0 2 0 0 0 0 0
310 6 2 2 2 0 0 0 0 0
311 3 0 0 1 0 0 0 0 0
312 13 1 1 10 0 0 0 0 0
fn=_dl_unload_cache
321 7 2 2 0 0 0 3 0 0
322 6 0 0 3 1 0 0 0 0
324 4 1 1 3 0 0 0 0 0
325 1 0 0 0 0 0 1 0 0
327 4 0 0 2 0 0 0 0 0
fl=/build/glibc-qeih7b/glibc-2.24/elf/dl-debug.c
fn=_dl_debug_initialize
47 12 1 1 0 0 0 0 0 0
50 8 0 0 4 0 0 0 0 0
55 18 2 2 4 2 1 0 0 0
59 3 2 2 0 0 0 2 0 0
60 5 0 0 2 0 0 0 0 0
61 2 0 0 1 0 0 1 0 0
64 8 1 1 0 0 0 1 0 0
fn=_dl_debug_state
74 4 0 0 0 0 0 0 0 0
fl=/build/glibc-qeih7b/glibc-2.24/elf/dl-deps.c
fn=_dl_map_object_deps
144 2 0 0 0 0 0 2 0 0
145 2 0 0 0 0 0 2 0 0
146 7 0 0 1 0 0 3 0 0
148 12 1 1 6 0 0 3 0 0
152 7 1 1 2 0 0 0 0 0
160 18 4 4 0 0 0 13 0 0
161 8 0 0 0 0 0 0 0 0
178 7 1 1 0 0 0 2 0 0
179 2 1 1 1 0 0 0 0 0
182 4 1 1 0 0 0 2 0 0
188 1 0 0 0 0 0 1 0 0
189 1 0 0 0 0 0 1 0 0
201 5 0 0 2 0 0 2 0 0
202 1 0 0 0 0 0 1 0 0
203 1 0 0 0 0 0 1 0 0
204 3 0 0 0 0 0 3 0 0
210 1 0 0 0 0 0 0 0 0
213 8 1 1 4 0 0 0 0 0
217 24 2 2 12 0 0 4 0 0
218 17 0 0 3 0 0 0 0 0
222 8 1 1 4 0 0 0 0 0
224 28 3 3 4 0 0 4 0 0
229 24 2 2 8 1 1 0 0 0
231 10 1 1 6 0 0 2 0 0
236 2 0 0 0 0 0 2 0 0
237 2 0 0 0 0 0 2 0 0
238 4 1 1 2 0 0 2 0 0
239 2 0 0 2 0 0 0 0 0
242 242 1 1 120 0 0 4 0 0
243 168 1 1 0 0 0 0 0 0
249 16 1 1 8 0 0 0 0 0
251 2 0 0 0 0 0 2 0 0
254 16 2 2 4 0 0 2 0 0
256 6 0 0 4 0 0 0 0 0
271 2 0 0 2 0 0 0 0 0
273 10 1 1 4 0 0 0 0 0
278 4 0 0 0 0 0 0 0 0
281 2 0 0 0 0 0 2 0 0
282 2 0 0 0 0 0 2 0 0
283 2 0 0 0 0 0 2 0 0
284 4 0 0 2 0 0 2 0 0
286 6 1 1 2 0 0 2 0 0
288 12 1 1 2 0 0 4 0 0
292 6 0 0 2 0 0 0 0 0
293 3 0 0 0 0 0 1 0 0
295 324 0 0 54 0 0 0 0 0
300 3 0 0 1 0 0 1 0 0
308 2 1 1 1 0 0 1 0 0
311 3 0 0 1 0 0 1 0 0
317 3 1 1 1 0 0 1 0 0
459 11 2 2 2 0 0 0 0 0
461 3 0 0 0 0 0 0 0 0
463 9 0 0 3 0 0 2 0 0
465 4 0 0 0 0 0 0 0 0
468 2 0 0 0 0 0 2 1 1
469 14 2 2 4 0 0 0 0 0
470 16 1 1 4 0 0 0 0 0
472 2 0 0 0 0 0 0 0 0
473 2 0 0 0 0 0 2 0 0
474 8 0 0 2 0 0 2 0 0
478 20 2 2 10 0 0 0 0 0
480 4 0 0 4 0 0 0 0 0
481 18 1 1 8 0 0 0 0 0
485 5 2 2 3 0 0 0 0 0
486 3 0 0 0 0 0 1 0 0
489 4 1 1 2 0 0 1 0 0
499 4 0 0 2 0 0 0 0 0
500 2 1 1 1 0 0 0 0 0
502 2 1 1 0 0 0 1 0 0
507 9 0 0 3 0 0 1 0 0
508 2 1 1 1 0 0 1 0 0
510 13 0 0 4 0 0 0 0 0
512 9 1 1 4 0 0 0 0 0
516 16 1 1 4 0 0 4 1 1
520 12 0 0 4 0 0 4 0 0
523 5 2 2 3 0 0 0 0 0
574 4 0 0 3 0 0 0 0 0
576 4 1 1 2 0 0 0 0 0
611 8 2 2 3 0 0 1 0 0
613 3 1 1 0 0 0 1 0 0
614 1 0 0 0 0 0 1 0 0
617 1 0 0 0 0 0 0 0 0
618 11 2 2 0 0 0 1 0 0
619 17 1 1 3 0 0 2 0 0
623 17 1 1 3 0 0 4 0 0
624 7 1 1 4 0 0 0 0 0
630 22 2 2 9 0 0 1 0 0
632 6 0 0 6 0 0 0 0 0
633 6 0 0 0 0 0 0 0 0
635 9 1 1 3 0 0 0 0 0
636 4 0 0 0 0 0 0 0 0
640 2 1 1 1 0 0 1 0 0
658 3 0 0 0 0 0 0 0 0
661 7 1 1 1 0 0 0 0 0
664 22 2 2 6 0 0 0 0 0
671 4 0 0 2 0 0 1 0 0
672 1 1 1 0 0 0 0 0 0
673 2 0 0 1 0 0 1 0 0
674 5 0 0 2 0 0 1 0 0
675 3 1 1 1 0 0 0 0 0
682 3 1 1 2 0 0 0 0 0
685 3 1 1 2 0 0 0 0 0
688 12 1 1 9 0 0 0 0 0
fn=openaux
60 16 1 1 0 0 0 6 1 1
63 24 3 3 12 0 0 6 1 1
64 6 0 0 2 0 0 0 0 0
65 4 0 0 0 0 0 0 0 0
68 8 0 0 4 0 0 0 0 0
fl=/build/glibc-qeih7b/glibc-2.24/elf/dl-environ.c
fn=_dl_next_ld_env_entry
30 2 1 1 2 0 0 0 0 0
33 57 0 0 19 0 0 0 0 0
35 54 1 1 18 12 12 0 0 0
36 16 1 1 4 0 0 0 0 0
38 1 0 0 0 0 0 0 0 0
41 1 0 0 0 0 0 0 0 0
43 2 1 1 0 0 0 1 0 0
46 2 0 0 0 0 0 0 0 0
50 2 0 0 0 0 0 0 0 0
fl=/build/glibc-qeih7b/glibc-2.24/elf/dl-error.c
fn=_dl_catch_error
163 30 3 3 0 0 0 18 2 2
175 3 0 0 0 0 0 3 0 0
176 3 0 0 0 0 0 3 0 0
177 3 0 0 0 0 0 3 0 0
178 6 0 0 0 0 0 3 1 1
180 18 1 1 9 0 0 0 0 0
181 6 0 0 3 0 0 3 0 0
182 6 0 0 0 0 0 3 0 0
185 21 1 1 6 0 0 3 0 0
187 6 0 0 3 0 0 0 0 0
188 9 0 0 6 0 0 3 0 0
189 6 0 0 3 0 0 3 0 0
190 6 0 0 3 0 0 3 0 0
191 6 0 0 3 0 0 3 0 0
192 3 0 0 0 0 0 0 0 0
199 9 3 2 3 0 0 0 0 0
fn=_dl_receive_error
205 13 2 2 0 0 0 7 0 0
206 5 1 1 2 0 0 0 0 0
210 1 1 1 1 0 0 0 0 0
211 2 0 0 2 0 0 0 0 0
215 1 0 0 0 0 0 1 0 0
217 4 0 0 0 0 0 1 0 0
219 1 0 0 0 0 0 1 0 0
220 1 0 0 0 0 0 1 0 0
221 8 1 1 6 0 0 0 0 0
fl=/build/glibc-qeih7b/glibc-2.24/elf/dl-fini.c
fn=_dl_fini
130 16 3 3 0 0 0 11 0 0
150 11 0 0 4 1 0 1 0 0
153 3 1 1 1 0 0 0 0 0
155 1 0 0 1 0 0 0 0 0
158 2 0 0 1 0 0 0 0 0
160 6 1 1 3 0 0 1 0 0
165 1 0 0 0 0 0 1 0 0
168 7 1 1 0 0 0 0 0 0
173 14 1 1 4 0 0 1 0 0
175 12 1 1 8 0 0 0 0 0
177 12 0 0 4 0 0 0 0 0
179 12 1 1 0 0 0 4 0 0
180 4 0 0 0 0 0 4 1 0
181 8 0 0 0 0 0 4 0 0
185 12 0 0 4 0 0 4 0 0
187 4 1 1 2 1 0 0 0 0
192 5 0 0 1 0 0 0 0 0
201 5 1 1 2 0 0 0 0 0
206 16 1 1 4 0 0 0 0 0
208 4 1 1 4 0 0 0 0 0
210 16 0 0 4 0 0 0 0 0
216 12 0 0 4 0 0 4 0 0
217 6 1 1 4 0 0 0 0 0
220 12 2 2 5 0 0 1 0 0
222 3 1 1 1 0 0 1 0 0
223 7 1 1 1 0 0 1 0 0
231 4 0 0 4 1 0 0 0 0
232 6 1 1 4 0 0 0 0 0
234 14 0 0 4 1 0 0 0 0
235 6 1 1 2 0 0 0 0 0
239 4 0 0 0 0 0 0 0 0
240 12 1 1 6 1 0 0 0 0
246 24 1 1 16 0 0 0 0 0
262 12 0 0 4 0 0 4 0 0
268 6 1 1 3 0 0 0 0 0
274 4 1 1 2 0 0 0 0 0
281 12 1 1 9 0 0 0 0 0
fn=_dl_sort_fini
31 22 3 3 0 0 0 12 1 0
33 3 1 1 1 0 0 0 0 0
38 1 0 0 0 0 0 0 0 0
39 7 0 0 0 0 0 1 0 0
40 10 1 1 2 0 0 1 0 0
44 9 0 0 3 0 0 0 0 0
45 9 1 1 3 0 0 0 0 0
49 21 2 2 6 0 0 3 0 0
56 22 0 0 3 0 0 0 0 0
58 6 0 0 6 1 0 0 0 0
59 6 0 0 0 0 0 0 0 0
61 9 1 1 3 1 0 0 0 0
62 4 0 0 0 0 0 0 0 0
67 1 1 1 0 0 0 1 0 0
81 1 1 1 0 0 0 0 0 0
92 9 2 2 3 0 0 0 0 0
113 3 0 0 0 0 0 0 0 0
117 6 1 1 0 0 0 0 0 0
120 20 0 0 4 0 0 0 0 0
124 14 1 1 10 0 0 0 0 0
fl=/build/glibc-qeih7b/glibc-2.24/elf/dl-hwcaps.c
fn=_dl_important_hwcaps
39 20 2 2 0 0 0 15 0 0
41 8 2 2 5 0 0 1 0 0
42 1 0 0 0 0 0 0 0 0
51 3 1 1 0 0 0 1 0 0
61 4 2 2 2 0 0 1 0 0
113 3 2 2 0 0 0 1 0 0
115 7 2 2 3 0 0 0 0 0
130 8 1 1 0 0 0 1 0 0
131 1 0 0 0 0 0 0 0 0
162 3 2 2 1 0 0 0 0 0
170 3 2 2 2 0 0 0 0 0
177 5 1 1 2 0 0 1 0 0
178 2 0 0 0 0 0 1 0 0
181 3 1 1 2 0 0 0 0 0
184 3 0 0 1 0 0 0 0 0
185 2 1 1 2 0 0 0 0 0
207 2 0 0 1 0 0 0 0 0
208 5 1 1 2 0 0 1 0 0
209 2 0 0 0 0 0 0 0 0
218 2 0 0 0 0 0 1 0 0
219 2 0 0 0 0 0 1 0 0
220 1 0 0 0 0 0 1 0 0
221 1 0 0 0 0 0 1 0 0
223 3 0 0 0 0 0 1 0 0
224 2 0 0 1 0 0 1 0 0
225 2 0 0 2 0 0 0 0 0
227 3 1 1 0 0 0 1 0 0
308 13 2 2 10 0 0 0 0 0
fl=/build/glibc-qeih7b/glibc-2.24/elf/dl-init.c
fn=_dl_init
30 40 3 3 7 0 0 0 0 0
80 17 3 3 0 0 0 10 0 0
81 1 0 0 1 1 0 0 0 0
82 1 0 0 1 0 0 0 0 0
85 4 1 1 2 0 0 0 0 0
88 2 1 1 0 0 0 1 0 0
92 2 1 1 0 0 0 0 0 0
118 5 1 1 2 0 0 0 0 0
119 10 1 1 5 0 0 0 0 0
120 16 0 0 8 0 0 0 0 0
126 10 0 0 8 0 0 0 0 0
fn=call_init.part.0
28 45 2 2 0 0 0 18 2 0
36 16 0 0 4 0 0 4 0 0
39 16 1 1 8 1 0 0 0 0
40 3 1 1 0 0 0 0 0 0
44 9 1 1 3 1 0 3 0 0
45 3 0 0 2 0 0 0 0 0
49 10 0 0 4 0 0 0 0 0
58 16 1 1 6 2 0 0 0 0
62 4 0 0 2 0 0 0 0 0
68 6 1 1 4 0 0 0 0 0
70 4 0 0 4 1 0 0 0 0
71 14 2 2 0 0 0 0 0 0
72 12 0 0 2 0 0 0 0 0
74 25 1 1 17 0 0 0 0 0
fl=/build/glibc-qeih7b/glibc-2.24/elf/dl-load.c
fn=_dl_init_paths
679 14 2 2 0 0 0 8 0 0
692 11 2 2 8 0 0 0 0 0
696 1 0 0 1 0 0 0 0 0
697 5 1 1 2 0 0 1 0 0
698 2 0 0 0 0 0 1 0 0
705 5 1 1 0 0 0 0 0 0
706 4 0 0 1 0 0 0 0 0
709 6 1 1 2 0 0 0 0 0
711 2 0 0 0 0 0 1 0 0
717 3 1 1 0 0 0 1 0 0
718 2 0 0 1 0 0 1 0 0
726 7 0 0 0 0 0 3 0 0
728 9 2 2 1 0 0 4 1 1
729 4 0 0 0 0 0 4 1 1
731 7 1 1 2 0 0 4 1 1
732 6 0 0 3 1 1 1 0 0
733 12 0 0 0 0 0 0 0 0
736 10 0 0 3 2 2 3 1 1
737 36 0 0 0 0 0 0 0 0
738 8 1 1 0 0 0 8 1 1
740 18 1 1 1 0 0 4 0 0
746 2 0 0 1 0 0 0 0 0
747 1 1 1 0 0 0 1 0 0
751 1 0 0 1 0 0 0 0 0
752 2 0 0 0 0 0 1 1 1
754 6 1 1 2 0 0 0 0 0
756 3 0 0 1 0 0 0 0 0
773 1 1 1 0 0 0 0 0 0
775 3 1 1 1 0 0 1 0 0
789 2 1 1 0 0 0 1 0 0
794 2 1 1 0 0 0 0 0 0
826 2 0 0 1 0 0 0 0 0
827 11 1 1 7 0 0 1 0 0
fn=_dl_map_object
656 10 4 4 2 0 0 0 0 0
2161 48 3 3 3 0 0 33 5 5
2163 4 0 0 0 0 0 0 0 0
2169 6 0 0 3 0 0 0 0 0
2170 12 0 0 3 1 1 0 0 0
2173 39 1 1 9 0 0 0 0 0
2178 49 1 1 7 0 0 0 0 0
2180 41 2 2 10 0 0 0 0 0
2184 24 0 0 6 0 0 0 0 0
2185 18 1 1 6 0 0 0 0 0
2188 2 0 0 2 0 0 0 0 0
2189 8 0 0 6 0 0 0 0 0
2190 10 1 1 4 0 0 0 0 0
2206 10 1 1 4 0 0 0 0 0
2216 8 1 1 4 0 0 0 0 0
2252 14 1 1 4 0 0 2 2 2
2256 5 2 2 2 0 0 0 0 0
2258 4 0 0 1 0 0 1 1 1
2265 5 1 1 2 0 0 0 0 0
2269 9 2 2 3 0 0 4 0 0
2274 3 0 0 2 0 0 0 0 0
2277 4 1 1 1 0 0 1 0 0
2289 2 1 1 1 0 0 0 0 0
2290 7 1 1 1 0 0 0 0 0
2300 5 1 1 2 0 0 0 0 0
2307 4 1 1 1 0 0 0 0 0
2330 4 2 2 1 0 0 1 0 0
2332 3 0 0 2 0 0 0 0 0
2336 3 0 0 1 0 0 0 0 0
2338 2 1 1 0 0 0 0 0 0
2342 2 0 0 0 0 0 0 0 0
2350 4 0 0 1 0 0 0 0 0
2373 13 2 2 3 0 0 4 1 1
2377 3 0 0 1 0 0 0 0 0
2378 1 1 1 0 0 0 1 0 0
2395 4 0 0 2 0 0 0 0 0
2403 9 1 1 3 0 0 0 0 0
2404 3 0 0 0 0 0 1 0 0
2408 15 2 2 3 0 0 4 1 1
2411 3 1 1 1 0 0 0 0 0
2423 2 0 0 0 0 0 0 0 0
2425 3 1 1 0 0 0 0 0 0
2469 4 0 0 4 0 0 0 0 0
2470 36 2 2 6 0 0 14 0 0
2472 39 4 4 30 0 0 0 0 0
fn=_dl_map_object_from_fd
865 40 4 4 0 0 0 26 1 1
875 12 1 1 6 0 0 2 0 0
891 41 3 2 20 0 0 4 0 0
892 22 1 1 5 0 0 0 0 0
909 4 1 1 2 0 0 0 0 0
933 8 0 0 2 0 0 2 0 0
943 10 1 1 6 0 0 0 0 0
965 8 0 0 4 0 0 0 0 0
997 4 1 1 0 0 0 2 0 0
1000 22 1 1 16 0 0 4 1 1
1001 4 0 0 0 0 0 0 0 0
1012 2 0 0 2 0 0 0 0 0
1013 4 1 1 2 0 0 2 0 0
1014 4 0 0 2 0 0 2 1 1
1016 2 0 0 0 0 0 0 0 0
1017 12 1 1 4 0 0 2 0 0
1018 6 0 0 0 0 0 0 0 0
1035 2 0 0 0 0 0 2 0 0
1037 10 0 0 0 0 0 0 0 0
1045 160 3 3 20 0 0 4 0 0
1046 204 3 3 20 2 2 0 0 0
1052 4 1 1 2 0 0 2 0 0
1053 6 0 0 2 0 0 2 0 0
1057 1 1 1 1 0 0 0 0 0
1058 2 0 0 0 0 0 1 0 0
1063 24 1 1 8 0 0 0 0 0
1068 28 1 1 8 0 0 0 0 0
1076 8 0 0 0 0 0 0 0 0
1077 8 0 0 0 0 0 4 0 0
1078 28 1 1 4 0 0 4 3 3
1079 4 0 0 0 0 0 4 0 0
1080 16 1 1 4 0 0 4 0 0
1081 4 0 0 0 0 0 0 0 0
1085 14 1 1 2 0 0 4 0 0
1086 4 0 0 0 0 0 0 0 0
1090 12 0 0 0 0 0 0 0 0
1091 24 1 1 4 0 0 0 0 0
1101 8 0 0 0 0 0 4 0 0
1104 3 1 1 1 0 0 0 0 0
1108 1 0 0 0 0 0 1 1 1
1109 1 0 0 1 1 1 0 0 0
1110 2 0 0 0 0 0 1 0 0
1113 5 1 1 1 0 0 1 0 0
1114 1 0 0 1 0 0 0 0 0
1117 1 0 0 0 0 0 1 0 0
1121 6 2 2 1 0 0 1 0 0
1127 5 0 0 2 0 0 2 0 0
1128 4 1 1 2 0 0 1 0 0
1132 14 1 1 2 0 0 4 0 0
1187 2 0 0 1 0 0 1 0 0
1188 1 0 0 1 0 0 0 0 0
1189 2 0 0 0 0 0 1 0 0
1192 4 0 0 2 0 0 0 0 0
1201 8 1 1 2 0 0 0 0 0
1211 16 0 0 4 0 0 2 0 0
1223 6 1 1 4 0 0 0 0 0
1227 2 1 1 1 0 0 0 0 0
1232 4 0 0 2 0 0 0 0 0
1238 6 0 0 2 0 0 0 0 0
1254 6 1 1 4 0 0 0 0 0
1273 6 0 0 2 0 0 2 0 0
1275 16 1 1 8 0 0 0 0 0
1329 6 0 0 4 0 0 0 0 0
1330 3 0 0 1 0 0 1 0 0
1333 8 1 1 2 0 0 0 0 0
1342 8 1 1 2 0 0 0 0 0
1344 6 0 0 4 0 0 0 0 0
1346 8 1 1 2 0 0 2 0 0
1362 6 0 0 2 0 0 0 0 0
1366 8 0 0 4 0 0 0 0 0
1367 6 1 1 2 0 0 0 0 0
1384 8 1 1 4 0 0 0 0 0
1385 2 1 1 0 0 0 1 0 0
1388 14 1 1 6 0 0 8 0 0
1393 6 1 1 4 0 0 0 0 0
1403 6 0 0 2 0 0 0 0 0
1413 8 1 1 4 0 0 0 0 0
1417 6 0 0 2 0 0 0 0 0
1437 28 2 2 20 0 0 0 0 0
fn=expand_dynamic_string_token
363 14 3 3 0 0 0 7 1 1
373 7 0 0 2 0 0 1 0 0
377 4 0 0 1 0 0 0 0 0
388 7 1 1 7 0 0 0 0 0
fn=open_verify.constprop.7
1689 40 3 3 2 0 0 22 0 0
1728 10 1 1 4 0 0 4 0 0
1759 10 1 1 4 0 0 0 0 0
1761 8 1 1 0 0 0 0 0 0
1771 6 0 0 2 0 0 4 0 0
1772 10 1 1 2 0 0 6 0 0
1777 16 1 1 6 0 0 0 0 0
1779 4 0 0 2 0 0 0 0 0
1781 2 0 0 0 0 0 0 0 0
1783 6 0 0 0 0 0 2 0 0
1789 6 1 1 2 0 0 0 0 0
1799 4 2 1 2 0 0 0 0 0
1805 40 2 2 14 0 0 2 0 0
1879 8 1 1 2 1 1 0 0 0
1886 10 2 2 2 0 0 0 0 0
1892 4 0 0 2 0 0 0 0 0
1903 8 1 1 2 0 0 0 0 0
1909 4 0 0 2 1 1 0 0 0
1910 10 0 0 4 0 0 0 0 0
1911 2 1 1 0 0 0 0 0 0
1925 18 1 1 6 0 0 4 1 1
1931 91 0 0 4 0 0 0 0 0
1933 88 3 3 22 13 13 0 0 0
1937 18 0 0 9 0 0 0 0 0
1938 2 1 1 0 0 0 0 0 0
1941 8 2 2 0 0 0 0 0 0
1942 12 0 0 2 0 0 2 0 0
1943 14 0 0 4 0 0 0 0 0
1947 29 2 2 11 0 0 2 0 0
1950 2 0 0 0 0 0 0 0 0
1951 8 1 1 2 0 0 0 0 0
1952 8 0 0 2 0 0 0 0 0
1954 8 0 0 0 0 0 0 0 0
1963 2 0 0 0 0 0 0 0 0
1966 2 0 0 1 0 0 0 0 0
1967 4 1 1 1 0 0 0 0 0
1968 1 0 0 1 0 0 0 0 0
1969 3 1 1 2 0 0 0 0 0
1970 6 0 0 2 0 0 0 0 0
1998 28 1 1 20 0 0 0 0 0
fl=/build/glibc-qeih7b/glibc-2.24/elf/dl-lookup.c
fn=_dl_lookup_symbol_x
572 6113 1 1 1604 119 115 0 0 0
573 2905 1 1 0 0 0 0 0 0
810 2121 3 3 101 0 0 1212 2 1
812 202 0 0 0 0 0 101 0 0
813 202 0 0 0 0 0 202 0 0
816 505 1 1 202 0 0 101 0 0
820 647 1 1 178 0 0 101 0 0
824 606 1 1 202 0 0 202 0 0
825 202 0 0 101 2 0 0 0 0
827 101 0 0 101 0 0 0 0 0
831 535 1 1 111 0 0 101 0 0
833 1717 2 2 505 0 0 808 1 1
836 202 0 0 101 0 0 0 0 0
839 20 1 1 0 0 0 0 0 0
862 303 1 1 101 0 0 0 0 0
864 70 1 1 20 0 0 0 0 0
879 10 1 1 0 0 0 10 0 0
880 20 0 0 0 0 0 0 0 0
883 91 0 0 91 0 0 0 0 0
884 637 1 1 273 0 0 0 0 0
915 91 0 0 0 0 0 0 0 0
924 546 1 1 182 0 0 0 0 0
938 273 0 0 91 1 0 0 0 0
939 2 1 1 0 0 0 1 0 0
941 546 1 1 273 0 0 0 0 0
946 91 0 0 0 0 0 91 0 0
948 1414 2 2 1010 0 0 0 0 0
fn=_dl_setup_hash
956 12 1 1 0 0 0 0 0 0
959 12 0 0 4 0 0 0 0 0
984 12 2 2 4 0 0 0 0 0
986 12 0 0 8 0 0 0 0 0
988 8 1 1 4 4 4 4 0 0
990 4 0 0 0 0 0 0 0 0
991 4 0 0 0 0 0 4 0 0
992 8 0 0 0 0 0 0 0 0
993 8 0 0 0 0 0 4 0 0
fn=check_match
92 10309 2 2 2379 141 124 4758 1 0
95 4910 3 3 1441 69 62 0 0 0
99 1 0 0 0 0 0 0 0 0
107 3656 1 1 0 0 0 0 0 0
110 3891 1 1 1660 0 0 0 0 0
115 182 0 0 91 1 0 0 0 0
117 178 0 0 89 0 0 0 0 0
136 267 1 1 89 3 3 0 0 0
137 712 1 1 356 0 0 0 0 0
138 623 0 0 267 0 0 0 0 0
165 4 0 0 2 0 0 0 0 0
167 14 1 1 2 2 1 0 0 0
168 6 0 0 0 0 0 0 0 0
171 2 0 0 1 0 0 0 0 0
172 5 0 0 2 0 0 1 0 0
174 2 0 0 1 0 0 1 0 0
176 482 1 1 0 0 0 0 0 0
183 5683 4 4 3876 0 0 0 0 0
fn=do_lookup_x
355 2020 3 3 303 0 0 1313 2 0
361 202 1 1 202 0 0 0 0 0
366 634 1 1 634 0 0 0 0 0
369 634 0 0 0 0 0 0 0 0
373 1139 0 0 418 1 0 101 0 0
377 951 1 1 0 0 0 0 0 0
381 1585 1 1 634 0 0 0 0 0
382 303 0 0 101 0 0 101 0 0
383 1010 2 2 101 0 0 202 0 0
387 951 0 0 317 0 0 0 0 0
391 317 0 0 0 0 0 317 0 0
392 317 0 0 0 0 0 317 0 0
395 1268 1 1 951 2 0 0 0 0
396 951 0 0 634 0 0 0 0 0
399 317 0 0 317 0 0 0 0 0
400 634 0 0 0 0 0 0 0 0
403 404 0 0 101 0 0 101 1 0
427 1272 2 2 1272 0 0 0 0 0
438 2449 2 2 634 0 0 0 0 0
439 505 1 1 101 0 0 101 0 0
444 7219 3 3 1238 91 76 1812 0 0
446 2812 0 0 1406 116 107 0 0 0
448 11102 1 1 3172 0 0 5551 1 0
449 793 1 1 0 0 0 0 0 0
452 1586 1 1 793 0 0 0 0 0
461 848 0 0 424 0 0 0 0 0
463 2 0 0 0 0 0 0 0 0
520 273 0 0 90 0 0 0 0 0
523 1017 2 2 91 0 0 0 0 0
527 36 1 1 24 0 0 0 0 0
539 182 1 1 91 0 0 91 0 0
540 273 1 1 91 0 0 91 0 0
541 91 0 0 0 0 0 0 0 0
557 1230 2 2 594 0 0 0 0 0
558 96 0 0 32 0 0 16 0 0
561 904 1 1 0 0 0 0 0 0
564 10 0 0 0 0 0 0 0 0
565 1212 3 3 1010 0 0 0 0 0
fl=/build/glibc-qeih7b/glibc-2.24/elf/dl-minimal.c
fn=__libc_memalign
52 209 2 2 0 0 0 133 5 5
53 112 1 1 93 0 0 0 0 0
58 4 1 1 2 0 0 1 0 0
59 3 0 0 1 0 0 0 0 0
60 2 0 0 0 0 0 0 0 0
64 38 0 0 0 0 0 0 0 0
65 38 1 1 0 0 0 0 0 0
67 148 0 0 18 0 0 19 0 0
72 6 1 1 2 0 0 0 0 0
73 2 1 1 0 0 0 0 0 0
76 11 1 1 2 0 0 2 0 0
78 2 0 0 0 0 0 0 0 0
80 4 1 1 2 0 0 0 0 0
82 3 0 0 0 0 0 1 0 0
85 20 0 0 1 0 0 19 0 0
86 19 0 0 0 0 0 19 0 0
88 152 1 1 114 0 0 0 0 0
fn=__sigjmp_save
149 3 1 1 0 0 0 3 0 0
151 6 0 0 0 0 0 0 0 0
fn=calloc
101 24 1 1 0 0 0 0 0 0
108 40 1 1 0 0 0 0 0 0
112 24 0 0 8 0 0 0 0 0
fn=malloc
92 54 1 1 0 0 0 0 0 0
93 72 0 0 18 0 0 0 0 0
fl=/build/glibc-qeih7b/glibc-2.24/elf/dl-misc.c
fn=_dl_name_match_p
288 300 3 3 0 0 0 120 4 4
289 150 0 0 90 0 0 0 0 0
290 3 0 0 0 0 0 0 0 0
292 30 0 0 30 0 0 0 0 0
294 122 1 1 61 0 0 0 0 0
295 170 1 1 68 0 0 0 0 0
298 31 0 0 31 0 0 0 0 0
300 27 0 0 0 0 0 0 0 0
301 150 1 1 90 0 0 0 0 0
fn=_dl_sysdep_read_whole_file
45 10 2 2 0 0 0 4 2 2
52 4 0 0 1 0 0 1 0 0
53 2 0 0 1 0 0 0 0 0
55 8 1 1 2 0 0 0 0 0
57 1 1 1 1 1 1 0 0 0
60 2 0 0 0 0 0 1 0 0
62 10 2 2 2 0 0 2 1 1
73 3 0 0 1 0 0 0 0 0
76 7 1 1 4 0 0 0 0 0
fl=/build/glibc-qeih7b/glibc-2.24/elf/dl-object.c
fn=_dl_add_to_namespace_list
32 30 2 2 0 0 0 15 0 0
34 15 0 0 6 0 0 0 0 0
36 18 1 1 6 0 0 0 0 0
39 15 0 0 5 0 0 0 0 0
41 2 0 0 0 0 0 2 0 0
43 2 0 0 0 0 0 2 0 0
46 5 0 0 0 0 0 1 0 0
47 17 2 2 3 0 0 3 0 0
48 12 1 1 6 1 1 6 0 0
49 15 0 0 0 0 0 6 0 0
51 12 0 0 3 0 0 0 0 0
52 12 0 0 12 0 0 0 0 0
fn=_dl_new_object
61 57 4 4 0 0 0 33 7 7
62 18 0 0 6 0 0 3 0 0
68 21 2 2 9 0 0 0 0 0
69 15 1 1 0 0 0 0 0 0
75 21 1 1 6 0 0 3 0 0
78 6 0 0 0 0 0 0 0 0
81 3 1 1 0 0 0 3 2 2
82 12 0 0 3 0 0 3 3 3
86 3 0 0 0 0 0 0 0 0
87 24 0 0 6 0 0 6 3 3
89 6 1 1 0 0 0 3 0 0
97 12 0 0 3 0 0 3 0 0
98 6 0 0 3 3 3 0 0 0
101 12 1 1 3 0 0 3 0 0
102 8 0 0 2 0 0 3 3 3
103 3 0 0 0 0 0 3 2 2
105 3 0 0 0 0 0 0 0 0
107 6 1 1 3 0 0 3 0 0
110 56 1 1 0 0 0 3 3 3
112 16 0 0 0 0 0 16 4 4
122 6 0 0 0 0 0 3 3 3
123 6 1 1 0 0 0 3 0 0
128 24 0 0 9 0 0 0 0 0
130 4 1 1 0 0 0 0 0 0
133 10 3 3 0 0 0 2 2 2
137 6 0 0 2 0 0 0 0 0
141 10 0 0 2 0 0 0 0 0
149 2 1 1 0 0 0 1 1 1
152 3 0 0 0 0 0 0 0 0
155 6 0 0 0 0 0 3 0 0
157 12 1 1 4 0 0 0 0 0
161 6 0 0 0 0 0 2 0 0
165 8 1 1 4 0 0 0 0 0
166 8 0 0 0 0 0 0 0 0
217 133 1 1 43 0 0 0 0 0
222 4 0 0 0 0 0 2 0 0
225 4 0 0 0 0 0 2 0 0
229 39 2 2 30 0 0 0 0 0
fl=/build/glibc-qeih7b/glibc-2.24/elf/dl-reloc.c
fn=_dl_protect_relro
313 12 1 1 0 0 0 4 0 0
314 14 2 2 8 1 0 0 0 0
317 6 0 0 2 0 0 0 0 0
321 4 0 0 0 0 0 2 0 0
322 16 1 1 4 0 0 0 0 0
328 8 0 0 4 0 0 0 0 0
fn=_dl_relocate_object
149 76 3 3 0 0 0 52 0 0
159 4 0 0 0 0 0 0 0 0
164 12 1 1 0 0 0 4 0 0
165 20 0 0 8 1 0 4 0 0
171 20 1 1 8 0 0 0 0 0
177 8 0 0 0 0 0 0 0 0
178 4 0 0 4 3 0 0 0 0
179 16 1 1 4 0 0 4 0 0
181 24 1 1 8 0 0 4 0 0
188 12 0 0 4 2 0 4 0 0
208 16 2 2 12 0 0 0 0 0
232 20 1 1 12 0 0 4 0 0
259 200 7 7 64 7 0 64 1 0
262 8 0 0 0 0 0 0 0 0
286 16 1 1 4 0 0 4 0 0
289 12 0 0 8 1 0 0 0 0
306 12 0 0 8 3 0 0 0 0
307 4 1 1 0 0 0 0 0 0
308 52 0 0 40 0 0 0 0 0
fl=/build/glibc-qeih7b/glibc-2.24/elf/dl-tls.c
fn=_dl_add_to_slotinfo
890 12 2 2 0 0 0 7 0 0
896 1 1 1 1 0 0 0 0 0
899 3 0 0 2 1 0 0 0 0
904 4 1 1 2 1 0 0 0 0
945 1 0 0 0 0 0 1 0 0
946 5 0 0 1 0 0 1 0 0
947 7 1 1 5 0 0 0 0 0
fn=_dl_allocate_tls_init
449 15 3 3 0 0 0 11 0 0
450 2 0 0 0 0 0 1 0 0
454 2 0 0 1 1 0 1 0 0
456 1 0 0 0 0 0 1 0 0
457 1 0 0 0 0 0 0 0 0
460 6 1 1 4 0 0 0 0 0
472 1 0 0 1 0 0 0 0 0
477 10 1 1 2 0 0 0 0 0
483 13 2 2 2 0 0 0 0 0
486 1 0 0 1 0 0 0 0 0
487 2 1 1 0 0 0 0 0 0
493 5 0 0 3 0 0 0 0 0
494 2 1 1 0 0 0 0 0 0
496 6 0 0 2 0 0 1 0 0
497 1 0 0 0 0 0 1 1 1
499 3 0 0 0 0 0 0 0 0
500 2 1 1 1 0 0 0 0 0
503 2 0 0 0 0 0 0 0 0
504 5 1 1 3 0 0 0 0 0
515 9 1 1 5 1 0 0 0 0
529 2 0 0 1 0 0 1 0 0
532 13 2 2 11 0 0 0 0 0
fn=_dl_allocate_tls_storage
354 9 2 2 0 0 0 5 0 0
356 2 0 0 2 0 0 0 0 0
362 3 0 0 1 0 0 0 0 0
363 2 0 0 0 0 0 0 0 0
367 3 1 1 1 0 0 0 0 0
368 3 1 1 1 0 0 0 0 0
381 3 0 0 1 0 0 0 0 0
386 6 1 1 2 0 0 0 0 0
390 4 0 0 1 0 0 0 0 0
391 2 1 1 1 0 0 0 0 0
396 6 0 0 4 0 0 0 0 0
fn=_dl_count_modids
110 3 1 1 0 0 0 0 0 0
115 4 0 0 2 0 0 0 0 0
116 2 1 1 1 0 0 0 0 0
fn=_dl_determine_tlsoffset
138 6 2 2 0 0 0 2 0 0
144 4 0 0 2 0 0 0 0 0
147 3 1 1 1 0 0 0 0 0
230 10 0 0 2 0 0 0 0 0
232 9 1 1 1 0 0 0 0 0
234 2 0 0 1 0 0 0 0 0
235 2 2 2 1 0 0 0 0 0
237 2 0 0 0 0 0 0 0 0
239 6 0 0 1 0 0 0 0 0
253 6 1 1 0 0 0 0 0 0
254 2 0 0 0 0 0 0 0 0
255 2 1 1 0 0 0 0 0 0
257 2 0 0 0 0 0 1 0 0
258 3 1 1 0 0 0 0 0 0
264 1 0 0 0 0 0 0 0 0
267 1 1 1 0 0 0 1 0 0
268 1 0 0 0 0 0 1 0 0
275 1 0 0 0 0 0 1 0 0
276 3 0 0 1 0 0 0 0 0
fn=_dl_next_tls_modid
49 6 2 2 0 0 0 2 1 1
52 6 0 0 3 0 0 0 0 0
100 1 1 1 0 0 0 1 0 0
104 3 0 0 1 0 0 0 0 0
fn=allocate_dtv
314 9 2 2 0 0 0 4 0 0
321 2 1 1 2 0 0 0 0 0
322 5 0 0 1 0 0 0 0 0
323 2 0 0 0 0 0 0 0 0
326 2 0 0 0 0 0 1 1 1
332 1 1 1 0 0 0 1 0 0
338 5 0 0 3 0 0 0 0 0
fl=/build/glibc-qeih7b/glibc-2.24/elf/dl-version.c
fn=_dl_check_all_versions
380 11 2 2 0 0 0 7 0 0
384 16 0 0 4 0 0 1 0 0
385 10 1 1 4 0 0 0 0 0
386 35 2 2 1 0 0 0 0 0
389 10 1 1 7 0 0 0 0 0
fn=_dl_check_map_versions
56 28 1 1 6 0 0 2 0 0
57 5 0 0 5 0 0 0 0 0
58 42 1 1 14 0 0 0 0 0
174 60 3 3 0 0 0 40 0 0
175 2 0 0 0 0 0 0 0 0
189 12 0 0 4 0 0 4 0 0
190 1 0 0 0 0 0 0 0 0
191 20 0 0 8 0 0 0 0 0
193 8 0 0 4 0 0 4 0 0
194 8 1 1 4 0 0 4 0 0
196 8 0 0 0 0 0 4 0 0
199 6 1 1 2 0 0 2 0 0
203 10 0 0 4 2 2 0 0 0
220 14 1 1 8 0 0 2 0 0
228 6 0 0 4 0 0 0 0 0
233 6 0 0 2 1 1 0 0 0
237 90 5 5 46 2 2 16 0 0
244 12 0 0 4 0 0 0 0 0
247 12 1 1 4 0 0 0 0 0
252 2 0 0 0 0 0 0 0 0
256 8 0 0 4 0 0 0 0 0
270 13 3 3 5 0 0 0 0 0
273 7 1 1 3 0 0 0 0 0
276 117 0 0 39 24 24 0 0 0
279 117 0 0 39 9 9 0 0 0
283 37 0 0 0 0 0 0 0 0
287 6 1 1 3 0 0 0 0 0
293 15 1 1 3 0 0 0 0 0
294 6 1 1 0 0 0 3 0 0
302 3 0 0 0 0 0 3 0 0
305 15 0 0 9 1 0 3 0 0
307 9 1 1 3 0 0 0 0 0
310 4 0 0 2 0 0 0 0 0
314 6 0 0 2 0 0 0 0 0
317 4 1 1 4 0 0 0 0 0
319 16 0 0 0 0 0 0 0 0
321 12 1 1 4 0 0 4 4 4
322 8 0 0 0 0 0 4 0 0
323 12 0 0 4 0 0 4 0 0
324 12 0 0 4 0 0 4 0 0
327 14 1 1 4 0 0 0 0 0
335 6 0 0 2 0 0 0 0 0
345 9 1 1 3 0 0 0 0 0
348 4 0 0 2 0 0 0 0 0
352 37 1 1 37 0 0 0 0 0
354 156 0 0 39 0 0 0 0 0
358 37 0 0 37 0 0 0 0 0
359 185 0 0 37 0 0 37 19 19
360 148 0 0 37 0 0 37 0 0
361 37 0 0 0 0 0 37 0 0
364 119 1 1 39 0 0 0 0 0
374 56 4 4 40 0 0 0 0 0
fn=match_symbol
76 80 3 3 4 0 0 44 0 0
77 12 0 0 12 0 0 0 0 0
85 20 1 1 8 0 0 0 0 0
91 12 1 1 4 0 0 0 0 0
103 4 0 0 0 0 0 0 0 0
106 4 0 0 4 1 0 0 0 0
107 8 0 0 0 0 0 0 0 0
109 8 0 0 4 0 0 0 0 0
114 45 1 1 15 3 3 0 0 0
128 45 0 0 30 2 2 0 0 0
133 32 1 1 12 1 1 0 0 0
140 33 1 1 11 3 3 0 0 0
168 52 2 2 40 0 0 0 0 0
fl=/build/glibc-qeih7b/glibc-2.24/elf/do-rel.h
fn=_dl_relocate_object
46 8 0 0 0 0 0 0 0 0
47 8 0 0 0 0 0 0 0 0
58 16 0 0 0 0 0 0 0 0
84 40 2 2 32 0 0 0 0 0
86 56 2 2 16 0 0 0 0 0
118 48 0 0 16 1 0 0 0 0
122 12 0 0 12 0 0 0 0 0
124 5201 4 4 6 0 0 0 0 0
136 6445 0 0 2578 324 320 0 0 0
137 2578 0 0 0 0 0 0 0 0
138 3867 0 0 1289 0 0 0 0 0
139 3867 1 1 1289 0 0 1289 0 0
160 32 4 4 3 0 0 2 0 0
170 16 1 1 4 2 1 0 0 0
171 8 0 0 4 0 0 0 0 0
fn=_dl_start
84 1 1 1 1 0 0 0 0 0
116 5 1 1 1 0 0 0 0 0
124 52 3 3 13 0 0 0 0 0
136 22 0 0 11 3 3 0 0 0
137 11 0 0 0 0 0 0 0 0
139 22 0 0 11 1 1 0 0 0
fl=/build/glibc-qeih7b/glibc-2.24/elf/get-dynamic-info.h
fn=_dl_map_object_from_fd
39 4 1 1 0 0 0 2 0 0
45 156 0 0 52 15 15 0 0 0
47 150 2 2 0 0 0 0 0 0
49 62 1 1 0 0 0 0 0 0
57 152 0 0 0 0 0 44 13 13
60 22 0 0 0 0 0 0 0 0
61 32 1 1 0 0 0 6 3 3
65 2 0 0 0 0 0 0 0 0
68 2 0 0 0 0 0 0 0 0
70 2 0 0 0 0 0 0 0 0
71 50 0 0 0 0 0 0 0 0
116 6 2 2 2 0 0 0 0 0
128 6 1 1 2 0 0 0 0 0
132 6 0 0 2 0 0 0 0 0
133 8 1 1 6 0 0 0 0 0
145 6 0 0 2 0 0 0 0 0
150 1 0 0 1 0 0 0 0 0
152 3 1 1 0 0 0 1 1 1
154 3 0 0 0 0 0 0 0 0
156 3 0 0 0 0 0 0 0 0
159 6 1 1 2 0 0 0 0 0
161 2 0 0 1 0 0 1 0 0
169 4 1 1 1 0 0 0 0 0
174 3 0 0 0 0 0 0 0 0
177 6 1 1 2 0 0 0 0 0
fn=_dl_start
45 63 1 1 21 6 6 0 0 0
47 58 1 1 0 0 0 0 0 0
48 1 0 0 0 0 0 0 0 0
49 31 1 1 0 0 0 0 0 0
57 61 0 0 0 0 0 17 0 0
60 11 0 0 0 0 0 0 0 0
61 13 1 1 0 0 0 3 0 0
65 1 0 0 0 0 0 0 0 0
68 1 0 0 0 0 0 0 0 0
70 1 1 1 0 0 0 0 0 0
71 20 0 0 0 0 0 0 0 0
116 3 0 0 1 0 0 0 0 0
128 3 1 1 2 0 0 0 0 0
132 3 1 1 2 0 0 0 0 0
133 4 1 1 2 1 1 0 0 0
137 3 0 0 1 0 0 0 0 0
139 3 1 1 1 0 0 0 0 0
142 3 1 1 2 0 0 0 0 0
143 2 0 0 0 0 0 0 0 0
fn=dl_main
30 1 0 0 1 0 0 0 0 0
39 2 0 0 1 0 0 0 0 0
45 90 1 1 30 9 9 0 0 0
47 84 1 1 0 0 0 0 0 0
49 37 1 1 0 0 0 0 0 0
57 86 0 0 0 0 0 25 8 8
60 14 0 0 0 0 0 0 0 0
61 17 1 1 0 0 0 4 2 2
65 1 0 0 0 0 0 0 0 0
68 1 0 0 0 0 0 0 0 0
70 1 1 1 0 0 0 0 0 0
71 29 0 0 0 0 0 0 0 0
116 3 0 0 1 0 0 0 0 0
128 3 1 1 1 0 0 0 0 0
132 3 1 1 1 0 0 0 0 0
133 4 1 1 2 0 0 0 0 0
145 3 0 0 1 0 0 0 0 0
159 3 1 1 1 0 0 0 0 0
161 1 0 0 1 0 0 0 0 0
169 4 1 1 1 0 0 1 0 0
174 3 0 0 0 0 0 0 0 0
177 3 1 1 2 0 0 0 0 0
fl=/build/glibc-qeih7b/glibc-2.24/elf/rtld.c
fn=_dl_initial_error_catch_tsd
752 12 1 1 0 0 0 0 0 0
754 4 0 0 4 0 0 0 0 0
755 8 0 0 0 0 0 0 0 0
fn=_dl_start
443 2 1 1 0 0 0 1 0 0
444 17 3 3 0 0 0 10 3 3
477 260 0 0 0 0 0 0 0 0
480 260 0 0 0 0 0 130 17 17
485 1 0 0 0 0 0 1 0 0
488 3 0 0 1 0 0 1 0 0
496 1184 11 11 380 26 26 176 1 1
499 2 0 0 1 0 0 0 0 0
504 20 5 5 7 0 0 0 0 0
506 3 2 2 1 1 1 0 0 0
522 6 0 0 1 0 0 1 0 0
531 11 2 1 9 2 0 0 0 0
fn=_dl_start_final
370 11 2 2 0 0 0 5 2 2
386 3 1 1 2 0 0 1 1 1
387 2 0 0 1 0 0 1 0 0
388 359 2 2 130 0 0 130 17 17
390 6 1 1 3 2 2 3 2 2
391 3 1 1 1 1 1 0 0 0
393 5 0 0 2 0 0 1 0 0
394 2 0 0 0 0 0 1 0 0
395 2 0 0 1 0 0 1 1 1
396 2 0 0 1 0 0 1 0 0
397 2 0 0 1 0 0 1 0 0
401 2 1 1 0 0 0 1 1 1
408 1 0 0 1 0 0 0 0 0
414 7 2 1 3 0 0 1 1 1
430 5 1 1 3 1 0 0 0 0
440 7 1 1 4 1 0 0 0 0
fn=dl_main
881 20 3 3 0 0 0 14 1 1
890 1 0 0 0 0 0 0 0 0
896 1 0 0 0 0 0 1 0 0
900 3 0 0 2 0 0 1 0 0
903 2 1 1 1 0 0 1 1 1
907 3 0 0 1 0 0 1 1 1
908 3 1 1 1 0 0 1 0 0
913 1 0 0 1 0 0 0 0 0
923 4 1 1 3 0 0 0 0 0
1124 11 2 2 2 0 0 3 0 0
1126 2 0 0 0 0 0 0 0 0
1127 1 0 0 0 0 0 1 0 0
1128 2 1 1 1 0 0 1 0 0
1129 2 0 0 2 0 0 0 0 0
1133 5 1 1 1 0 0 1 0 0
1134 3 0 0 2 0 0 0 0 0
1155 1 0 0 0 0 0 1 0 0
1156 1 1 1 0 0 0 1 0 0
1158 2 0 0 0 0 0 1 0 0
1160 2 0 0 1 0 0 0 0 0
1163 46 0 0 1 0 0 1 0 0
1164 101 2 2 10 8 8 0 0 0
1168 2 1 1 1 0 0 0 0 0
1169 2 1 1 0 0 0 1 0 0
1173 3 1 1 2 0 0 0 0 0
1174 2 0 0 0 0 0 1 0 0
1182 1 0 0 1 0 0 0 0 0
1183 3 2 2 2 0 0 0 0 0
1185 2 0 0 0 0 0 1 0 0
1192 3 0 0 1 0 0 1 1 1
1204 1 0 0 1 0 0 0 0 0
1206 1 0 0 0 0 0 0 0 0
1210 2 0 0 0 0 0 0 0 0
1218 4 0 0 2 0 0 0 0 0
1219 11 5 5 3 0 0 0 0 0
1220 8 0 0 2 0 0 0 0 0
1221 1 0 0 0 0 0 1 0 0
1224 6 1 1 2 2 2 0 0 0
1225 6 0 0 0 0 0 0 0 0
1226 4 0 0 0 0 0 2 0 0
1227 10 0 0 2 0 0 0 0 0
1228 3 0 0 0 0 0 1 0 0
1250 1 0 0 0 0 0 0 0 0
1266 3 2 2 1 0 0 0 0 0
1269 2 0 0 0 0 0 0 0 0
1271 2 1 1 0 0 0 0 0 0
1273 3 0 0 1 0 0 0 0 0
1286 3 0 0 2 0 0 0 0 0
1287 12 2 2 7 0 0 0 0 0
1292 2 0 0 1 0 0 1 1 1
1294 2 1 1 0 0 0 1 0 0
1295 2 0 0 0 0 0 1 0 0
1297 3 0 0 2 0 0 0 0 0
1298 1 0 0 0 0 0 1 0 0
1302 4 1 1 2 0 0 0 0 0
1304 2 0 0 1 0 0 0 0 0
1309 3 0 0 1 0 0 0 0 0
1312 4 1 1 1 0 0 0 0 0
1328 6 1 1 1 0 0 2 0 0
1334 14 3 3 4 0 0 1 0 0
1339 5 2 2 3 0 0 0 0 0
1342 9 1 1 3 0 0 2 1 1
1349 3 0 0 1 0 0 1 0 0
1352 3 1 1 2 0 0 1 0 0
1353 4 0 0 1 0 0 1 0 0
1354 2 1 1 1 0 0 1 0 0
1355 1 0 0 0 0 0 1 0 0
1356 3 1 1 1 0 0 1 0 0
1357 6 0 0 2 0 0 1 0 0
1362 4 0 0 1 1 1 1 0 0
1363 4 1 1 1 0 0 1 0 0
1380 5 0 0 3 1 1 0 0 0
1381 4 1 1 1 0 0 0 0 0
1383 3 0 0 1 1 1 0 0 0
1385 2 0 0 0 0 0 1 0 0
1386 2 1 1 1 0 0 1 1 1
1391 4 0 0 0 0 0 0 0 0
1392 11 1 1 2 2 2 0 0 0
1394 2 0 0 1 0 0 1 0 0
1395 2 0 0 1 0 0 1 0 0
1400 3 1 1 2 0 0 0 0 0
1405 2 1 1 0 0 0 1 0 0
1406 3 1 1 2 0 0 0 0 0
1407 3 0 0 2 0 0 0 0 0
1586 4 0 0 2 0 0 1 0 0
1591 7 1 1 3 0 0 2 1 1
1592 6 1 1 3 0 0 0 0 0
1606 2 1 1 0 0 0 1 0 0
1607 3 1 1 1 0 0 1 0 0
1612 3 0 0 2 0 0 0 0 0
1627 4 0 0 3 0 0 0 0 0
1631 3 1 1 1 0 0 0 0 0
1634 5 0 0 2 0 0 0 0 0
1647 8 1 1 3 0 0 1 0 0
1724 4 1 1 2 0 0 0 0 0
1728 7 2 2 0 0 0 0 0 0
1729 1 0 0 0 0 0 0 0 0
1732 2 0 0 0 0 0 1 0 0
1733 1 1 1 1 0 0 0 0 0
1734 2 0 0 0 0 0 0 0 0
1735 2 0 0 1 0 0 0 0 0
1742 8 1 1 1 0 0 1 0 0
1748 13 2 2 3 0 0 4 0 0
1749 18 0 0 8 0 0 0 0 0
1752 3 0 0 2 0 0 1 0 0
1753 3 0 0 1 0 0 0 0 0
1754 1 1 1 0 0 0 1 0 0
1756 10 0 0 1 0 0 0 0 0
1757 13 2 2 5 0 0 0 0 0
1767 3 1 1 0 0 0 1 0 0
1769 2 1 1 1 0 0 0 0 0
1770 3 1 1 1 0 0 1 0 0
1772 2 0 0 0 0 0 1 0 0
1774 3 0 0 0 0 0 0 0 0
1776 3 1 1 2 0 0 0 0 0
1790 2 1 1 1 0 0 0 0 0
1791 2 0 0 1 0 0 1 0 0
1792 3 0 0 1 0 0 0 0 0
1803 2 0 0 1 0 0 0 0 0
1804 1 1 1 0 0 0 1 0 0
1805 12 2 2 4 0 0 3 0 0
1815 5 0 0 2 0 0 2 0 0
1816 3 1 1 2 0 0 0 0 0
1817 6 1 1 2 0 0 1 0 0
1819 3 0 0 2 0 0 0 0 0
1822 4 0 0 1 0 0 0 0 0
1824 3 1 1 1 0 0 0 0 0
2054 3 0 0 1 1 1 0 0 0
2110 2 1 1 0 0 0 1 1 1
2114 4 0 0 2 0 0 2 0 0
2118 1 1 1 1 0 0 0 0 0
2121 5 2 2 1 0 0 1 0 0
2175 2 0 0 1 0 0 0 0 0
2182 2 0 0 1 0 0 0 0 0
2185 1 0 0 1 0 0 0 0 0
2186 10 0 0 0 0 0 1 0 0
2188 12 1 1 8 0 0 0 0 0
2193 8 0 0 8 1 0 0 0 0
2195 10 0 0 0 0 0 0 0 0
2197 2 1 1 0 0 0 1 0 0
2198 1 1 1 1 0 0 0 0 0
2201 12 1 1 4 0 0 4 0 0
2203 12 0 0 4 0 0 0 0 0
2204 24 1 1 13 3 0 1 0 0
2208 21 2 2 10 2 0 0 0 0
2209 9 0 0 2 0 0 1 0 0
2219 3 0 0 1 1 0 0 0 0
2224 6 2 2 3 2 0 0 0 0
2226 3 0 0 1 0 0 1 0 0
2231 4 1 1 2 0 0 0 0 0
2234 4 0 0 3 0 0 0 0 0
2243 4 1 1 3 1 0 0 0 0
2245 5 1 1 2 0 0 0 0 0
2262 3 1 1 1 0 0 1 0 0
2263 6 0 0 3 0 0 0 0 0
2274 3 0 0 1 0 0 0 0 0
2278 3 1 1 1 0 0 0 0 0
2298 4 0 0 1 0 0 0 0 0
2300 4 1 1 2 0 0 1 0 0
2305 3 0 0 1 0 0 0 0 0
2310 13 2 2 10 2 0 0 0 0
2476 3 1 1 2 0 0 1 1 1
2478 2 0 0 0 0 0 2 0 0
2479 3 0 0 1 0 0 1 1 1
2483 9 2 2 4 0 0 2 0 0
2485 12 0 0 6 0 0 0 0 0
2489 42 2 2 8 0 0 0 0 0
2498 13 1 1 3 1 1 1 0 0
2510 3 1 1 1 0 0 1 1 1
2519 9 2 2 3 0 0 0 0 0
2526 8 2 2 2 0 0 0 0 0
2528 4 1 1 1 0 0 1 1 1
2609 2 0 0 1 0 0 1 0 0
2616 3 0 0 1 0 0 1 0 0
2627 1 0 0 1 0 0 0 0 0
2646 3 1 1 2 0 0 0 0 0
2676 3 1 1 2 0 0 0 0 0
fn=do_preload
761 12 2 2 0 0 0 6 0 0
763 1 1 1 0 0 0 1 0 0
767 1 0 0 0 0 0 1 0 0
768 1 1 1 0 0 0 1 0 0
769 2 0 0 0 0 0 1 0 0
771 1 0 0 1 0 0 0 0 0
773 10 0 0 3 0 0 1 0 0
774 3 0 0 2 0 0 0 0 0
782 3 1 1 1 0 0 0 0 0
788 7 1 1 5 0 0 0 0 0
fn=dso_name_valid_for_suid
120 7 2 2 0 0 0 3 0 0
121 4 1 1 2 0 0 0 0 0
129 2 0 0 1 0 0 0 0 0
130 4 0 0 2 0 0 0 0 0
fn=handle_ld_preload
848 18 3 3 0 0 0 11 1 1
849 1 0 0 0 0 0 0 0 0
853 6 0 0 3 1 1 0 0 0
856 8 1 1 2 0 0 0 0 0
857 4 1 1 1 0 0 0 0 0
859 7 1 1 1 0 0 1 0 0
860 1 0 0 0 0 0 0 0 0
866 1 0 0 0 0 0 0 0 0
867 1 0 0 1 0 0 0 0 0
868 1 0 0 0 0 0 0 0 0
870 8 1 1 2 0 0 0 0 0
871 11 2 2 3 0 0 0 0 0
874 13 1 1 10 0 0 0 0 0
fn=init_tls
680 10 2 2 0 0 0 6 0 0
682 2 0 0 2 0 0 0 0 0
686 3 0 0 1 0 0 1 0 0
692 1 0 0 0 0 0 0 0 0
695 1 1 1 0 0 0 1 0 0
696 6 1 1 2 0 0 0 0 0
701 1 0 0 0 0 0 0 0 0
702 1 0 0 0 0 0 1 1 1
707 3 0 0 1 0 0 1 0 0
708 2 0 0 0 0 0 0 0 0
709 11 2 2 1 0 0 0 0 0
710 8 1 1 4 0 0 0 0 0
711 12 0 0 4 0 0 0 0 0
715 3 0 0 0 0 0 1 0 0
719 2 0 0 1 0 0 0 0 0
722 3 1 1 1 0 0 0 0 0
729 4 1 1 2 0 0 0 0 0
730 2 0 0 0 0 0 0 0 0
736 2 1 1 1 0 0 1 0 0
739 5 1 1 1 0 0 0 0 0
742 2 1 1 0 0 0 1 0 0
745 8 1 1 5 0 0 0 0 0
fn=map_doit
587 8 2 2 0 0 0 3 0 0
589 3 0 0 1 0 0 0 0 0
590 9 1 1 3 0 0 3 1 1
592 4 1 1 2 0 0 0 0 0
fn=rtld_lock_default_lock_recursive
795 16 1 1 4 2 1 4 0 0
fn=rtld_lock_default_unlock_recursive
801 16 1 1 4 0 0 4 0 0
fn=security_init
808 5 2 2 0 0 0 1 0 0
810 2 0 0 2 0 0 0 0 0
814 2 1 1 1 0 0 1 0 0
823 2 0 0 1 0 0 1 0 0
828 1 0 0 0 0 0 1 0 0
829 2 0 0 0 0 0 0 0 0
fn=version_check_doit
620 8 2 2 0 0 0 3 0 0
622 8 1 1 5 0 0 0 0 0
626 4 1 1 2 0 0 0 0 0
fl=/build/glibc-qeih7b/glibc-2.24/elf/setup-vdso.h
fn=dl_main
24 3 0 0 2 0 0 0 0 0
fl=/build/glibc-qeih7b/glibc-2.24/io/../sysdeps/unix/syscall-template.S
fn=???
84 9 0 0 3 0 0 0 0 0
fn=access
84 21 2 2 0 0 0 0 0 0
fn=close
84 21 2 2 0 0 0 0 0 0
85 6 0 0 0 0 0 0 0 0
fn=lseek
84 14 2 2 0 0 0 0 0 0
85 4 0 0 0 0 0 0 0 0
fn=open
84 21 2 2 0 0 0 0 0 0
85 6 0 0 0 0 0 0 0 0
fn=read
84 28 2 2 0 0 0 0 0 0
85 8 0 0 0 0 0 0 0 0
fl=/build/glibc-qeih7b/glibc-2.24/io/../sysdeps/unix/sysv/linux/fxstat64.c
fn=__fxstat64
33 9 1 1 0 0 0 0 0 0
35 18 1 1 3 0 0 0 0 0
41 6 0 0 0 0 0 0 0 0
fl=/build/glibc-qeih7b/glibc-2.24/libio/genops.c
fn=_IO_cleanup
894 13 1 1 9 0 0 0 0 0
896 12 1 1 3 0 0 0 0 0
898 6 0 0 2 0 0 0 0 0
912 1 0 0 1 0 0 0 0 0
916 1 0 0 1 0 0 0 0 0
934 3 1 1 0 0 0 3 0 0
954 14 2 2 0 0 0 10 0 0
957 6 1 1 2 1 0 1 0 0
969 12 3 3 9 0 0 0 0 0
fn=_IO_flush_all_lockp
766 15 3 3 0 0 0 10 0 0
772 4 1 1 0 0 0 2 0 0
777 1 0 0 1 0 0 0 0 0
778 2 1 1 2 1 0 0 0 0
779 8 0 0 1 0 0 0 0 0
782 6 1 1 0 0 0 3 0 0
783 2 0 0 1 0 0 1 0 0
785 24 2 2 9 6 6 0 0 0
795 6 1 1 3 0 0 0 0 0
799 6 1 1 0 0 0 3 0 0
806 6 0 0 3 1 1 0 0 0
810 2 1 1 1 0 0 0 0 0
812 3 1 1 2 0 0 0 0 0
816 12 2 2 9 0 0 0 0 0
fl=/build/glibc-qeih7b/glibc-2.24/libio/libioP.h
fn=_IO_cleanup
936 3 0 0 1 0 0 0 0 0
fn=_IO_flush_all_lockp
936 4 0 0 3 1 0 0 0 0
942 2 0 0 1 0 0 1 0 0
fl=/build/glibc-qeih7b/glibc-2.24/libio/oldstdfiles.c
fn=_IO_check_libio
77 3 1 1 0 0 0 0 0 0
78 5 1 1 2 0 0 0 0 0
fl=/build/glibc-qeih7b/glibc-2.24/misc/../sysdeps/unix/syscall-template.S
fn=mprotect
84 28 2 2 0 0 0 0 0 0
85 8 0 0 0 0 0 0 0 0
fn=munmap
84 7 2 2 0 0 0 0 0 0
85 2 0 0 0 0 0 0 0 0
fn=prctl
84 14 2 2 0 0 0 0 0 0
85 4 0 0 0 0 0 0 0 0
fl=/build/glibc-qeih7b/glibc-2.24/misc/../sysdeps/unix/sysv/linux/generic/wordsize-32/mmap.c
fn=mmap
30 63 2 2 7 0 0 21 5 5
31 21 0 0 7 0 0 0 0 0
36 84 2 2 7 0 0 21 4 4
38 35 0 0 14 0 0 0 0 0
fl=/build/glibc-qeih7b/glibc-2.24/misc/init-misc.c
fn=__init_misc
30 8 1 1 0 0 0 4 0 0
31 6 2 2 2 1 0 0 0 0
33 3 0 0 0 0 0 0 0 0
34 2 0 0 1 0 0 0 0 0
37 3 1 1 1 1 0 1 0 0
38 3 0 0 2 0 0 1 0 0
40 6 1 1 3 0 0 0 0 0
fl=/build/glibc-qeih7b/glibc-2.24/nptl/unregister-atfork.c
fn=__unregister_atfork
28 28 2 2 0 0 0 18 2 0
36 4 0 0 4 2 0 0 0 0
39 4 1 1 0 0 0 0 0 0
121 22 3 3 16 0 0 0 0 0
fl=/build/glibc-qeih7b/glibc-2.24/posix/../sysdeps/unix/syscall-template.S
fn=uname
84 7 2 2 0 0 0 0 0 0
85 2 0 0 0 0 0 0 0 0
fl=/build/glibc-qeih7b/glibc-2.24/posix/../sysdeps/unix/sysv/linux/_exit.c
fn=_Exit
27 4 1 1 0 0 0 0 0 0
31 6 1 1 1 0 0 0 0 0
fl=/build/glibc-qeih7b/glibc-2.24/setjmp/../sysdeps/mips/bsd-_setjmp.S
fn=_setjmp
33 3 1 1 0 0 0 0 0 0
35 1 0 0 1 1 0 0 0 0
39 2 1 1 0 0 0 0 0 0
fl=/build/glibc-qeih7b/glibc-2.24/setjmp/../sysdeps/mips/setjmp.S
fn=__sigsetjmp
31 12 2 2 0 0 0 0 0 0
34 4 0 0 0 0 0 0 0 0
36 4 1 1 0 0 0 0 0 0
41 4 0 0 4 1 0 0 0 0
42 8 0 0 0 0 0 0 0 0
fl=/build/glibc-qeih7b/glibc-2.24/setjmp/../sysdeps/mips/setjmp_aux.c
fn=__sigsetjmp_aux
28 12 2 2 0 0 0 0 0 0
31 4 0 0 0 0 0 4 1 1
32 4 1 1 0 0 0 4 0 0
33 4 0 0 0 0 0 4 1 1
34 4 0 0 0 0 0 4 0 0
35 4 0 0 0 0 0 4 0 0
36 4 1 1 0 0 0 4 0 0
40 4 0 0 0 0 0 4 0 0
43 4 0 0 0 0 0 4 0 0
46 4 0 0 0 0 0 4 1 1
49 4 1 1 0 0 0 4 0 0
52 4 0 0 0 0 0 4 1 1
53 4 0 0 0 0 0 4 0 0
54 4 0 0 0 0 0 4 0 0
55 4 1 1 0 0 0 4 0 0
56 4 0 0 0 0 0 4 0 0
57 4 0 0 0 0 0 4 0 0
58 4 0 0 0 0 0 4 0 0
59 4 1 1 0 0 0 4 0 0
62 12 0 0 4 0 0 0 0 0
fl=/build/glibc-qeih7b/glibc-2.24/setjmp/sigjmp.c
fn=__sigjmp_save
28 7 1 1 0 0 0 2 0 0
29 3 0 0 0 0 0 2 0 0
34 5 2 2 2 0 0 0 0 0
fl=/build/glibc-qeih7b/glibc-2.24/stdlib/cxa_atexit.c
fn=__cxa_atexit
35 4 2 2 2 1 0 0 0 0
37 2 0 0 0 0 0 0 0 0
43 1 0 0 0 0 0 1 0 0
44 1 0 0 0 0 0 1 0 0
45 1 0 0 0 0 0 1 0 0
46 1 1 1 0 0 0 0 0 0
47 2 0 0 0 0 0 1 0 0
48 1 0 0 0 0 0 0 0 0
57 11 1 1 0 0 0 5 0 0
59 7 1 1 4 0 0 0 0 0
fn=__new_exitfn
73 10 2 2 0 0 0 5 0 0
79 26 2 2 5 2 0 4 0 0
81 8 3 3 2 0 0 1 0 0
83 3 0 0 1 1 0 0 0 0
112 1 0 0 0 0 0 0 0 0
113 3 2 2 0 0 0 1 0 0
126 2 0 0 0 0 0 1 0 0
127 8 2 2 3 1 0 2 0 0
130 9 1 1 2 0 0 1 0 0
133 6 1 1 3 0 0 0 0 0
fl=/build/glibc-qeih7b/glibc-2.24/stdlib/cxa_finalize.c
fn=__cxa_finalize
31 36 2 2 2 0 0 24 0 0
35 16 1 1 10 1 0 0 0 0
39 16 1 1 2 0 0 0 0 0
48 4 0 0 0 0 0 0 0 0
51 2 1 1 2 0 0 0 0 0
67 14 2 2 4 0 0 0 0 0
71 16 1 1 2 0 0 0 0 0
79 4 0 0 2 0 0 0 0 0
80 4 1 1 0 0 0 0 0 0
82 24 1 1 20 0 0 0 0 0
fl=/build/glibc-qeih7b/glibc-2.24/stdlib/cxa_thread_atexit_impl.c
fn=__call_tls_dtors
145 8 3 3 0 0 0 4 0 0
146 6 0 0 2 0 0 0 0 0
164 5 1 1 3 0 0 0 0 0
fl=/build/glibc-qeih7b/glibc-2.24/stdlib/exit.c
fn=__run_exit_handlers
35 15 3 3 0 0 0 8 0 0
40 2 0 0 0 0 0 1 0 0
41 5 0 0 2 0 0 0 0 0
47 2 1 1 0 0 0 0 0 0
51 4 0 0 0 0 0 0 0 0
54 1 0 0 0 0 0 0 0 0
55 14 1 1 4 0 0 1 0 0
83 5 2 2 2 0 0 0 0 0
84 2 0 0 1 0 0 0 0 0
88 1 1 1 1 0 0 0 0 0
89 2 0 0 0 0 0 1 0 0
95 2 0 0 1 0 0 0 0 0
96 11 2 2 4 0 0 0 0 0
98 3 0 0 1 0 0 0 0 0
fn=exit
104 6 2 2 0 0 0 2 0 0
105 5 0 0 2 0 0 0 0 0
fl=/build/glibc-qeih7b/glibc-2.24/string/../sysdeps/mips/memcpy.S
fn=memcpy
297 16 1 1 0 0 0 0 0 0
298 16 0 0 0 0 0 0 0 0
302 16 0 0 0 0 0 0 0 0
313 12 0 0 0 0 0 0 0 0
314 12 1 1 0 0 0 0 0 0
315 12 0 0 0 0 0 0 0 0
316 12 0 0 0 0 0 0 0 0
318 11 0 0 0 0 0 0 0 0
319 11 0 0 0 0 0 0 0 0
320 11 0 0 0 0 0 0 0 0
403 11 1 1 0 0 0 0 0 0
404 11 0 0 0 0 0 0 0 0
405 11 0 0 0 0 0 0 0 0
516 11 1 1 0 0 0 0 0 0
517 11 0 0 0 0 0 0 0 0
519 11 1 1 0 0 0 0 0 0
520 11 0 0 0 0 0 0 0 0
521 4 0 0 4 0 0 0 0 0
522 4 0 0 4 0 0 0 0 0
523 4 0 0 4 0 0 0 0 0
524 4 0 0 4 0 0 0 0 0
525 4 0 0 4 0 0 0 0 0
526 4 0 0 4 0 0 0 0 0
527 4 1 1 4 0 0 0 0 0
528 4 0 0 4 0 0 0 0 0
529 4 0 0 0 0 0 0 0 0
530 4 0 0 0 0 0 4 2 2
531 4 0 0 0 0 0 4 0 0
532 4 0 0 0 0 0 4 0 0
533 4 0 0 0 0 0 4 0 0
534 4 0 0 0 0 0 4 0 0
535 4 1 1 0 0 0 4 0 0
536 4 0 0 0 0 0 4 3 3
537 4 0 0 0 0 0 4 0 0
538 4 0 0 0 0 0 0 0 0
548 11 0 0 0 0 0 0 0 0
549 11 0 0 0 0 0 0 0 0
550 11 0 0 0 0 0 0 0 0
551 11 0 0 0 0 0 0 0 0
555 55 0 0 55 1 0 0 0 0
556 55 0 0 0 0 0 0 0 0
557 55 0 0 0 0 0 0 0 0
558 55 0 0 0 0 0 0 0 0
559 55 0 0 0 0 0 55 5 5
577 15 1 1 0 0 0 0 0 0
578 15 0 0 0 0 0 0 0 0
580 17 0 0 17 1 1 0 0 0
581 17 0 0 0 0 0 0 0 0
582 17 0 0 0 0 0 0 0 0
583 17 0 0 0 0 0 0 0 0
584 17 0 0 0 0 0 17 5 5
586 15 0 0 0 0 0 0 0 0
587 15 0 0 0 0 0 0 0 0
595 4 1 1 0 0 0 0 0 0
596 4 0 0 0 0 0 0 0 0
598 4 1 1 0 0 0 0 0 0
599 2 0 0 0 0 0 0 0 0
600 2 0 0 0 0 0 0 0 0
601 2 0 0 0 0 0 0 0 0
603 2 0 0 0 0 0 0 0 0
604 2 0 0 0 0 0 0 0 0
607 2 0 0 2 0 0 0 0 0
608 2 0 0 0 0 0 0 0 0
609 2 0 0 0 0 0 0 0 0
610 2 0 0 0 0 0 0 0 0
611 2 0 0 0 0 0 2 0 0
613 2 0 0 0 0 0 0 0 0
614 2 0 0 0 0 0 0 0 0
627 1 1 1 0 0 0 0 0 0
628 1 0 0 0 0 0 0 0 0
629 1 0 0 0 0 0 0 0 0
646 1 1 1 0 0 0 0 0 0
647 1 0 0 0 0 0 0 0 0
648 1 0 0 0 0 0 0 0 0
744 1 1 1 0 0 0 0 0 0
745 1 0 0 0 0 0 0 0 0
747 1 0 0 0 0 0 0 0 0
748 1 0 0 0 0 0 0 0 0
780 1 1 1 0 0 0 0 0 0
781 1 1 1 0 0 0 0 0 0
782 1 0 0 0 0 0 0 0 0
783 1 0 0 0 0 0 0 0 0
787 2 0 0 2 0 0 0 0 0
788 2 0 0 2 0 0 0 0 0
789 2 0 0 0 0 0 0 0 0
790 2 0 0 0 0 0 0 0 0
791 2 0 0 0 0 0 0 0 0
792 2 1 1 0 0 0 2 1 1
796 1 0 0 0 0 0 0 0 0
797 1 0 0 0 0 0 0 0 0
799 2 0 0 2 0 0 0 0 0
800 2 0 0 0 0 0 0 0 0
801 2 0 0 0 0 0 0 0 0
802 2 0 0 0 0 0 0 0 0
803 2 0 0 0 0 0 2 0 0
805 1 1 1 0 0 0 0 0 0
806 1 0 0 0 0 0 0 0 0
fl=/build/glibc-qeih7b/glibc-2.24/string/../sysdeps/mips/memset.S
fn=memset
211 14 1 1 0 0 0 0 0 0
212 14 0 0 0 0 0 0 0 0
213 14 0 0 0 0 0 0 0 0
217 10 0 0 0 0 0 0 0 0
218 10 1 1 0 0 0 0 0 0
253 10 0 0 0 0 0 0 0 0
254 10 0 0 0 0 0 0 0 0
255 10 0 0 0 0 0 0 0 0
302 10 1 1 0 0 0 0 0 0
303 10 0 0 0 0 0 0 0 0
304 10 0 0 0 0 0 0 0 0
305 1 0 0 0 0 0 1 1 1
306 1 0 0 0 0 0 0 0 0
315 10 0 0 0 0 0 0 0 0
316 10 0 0 0 0 0 0 0 0
317 10 1 1 0 0 0 0 0 0
318 7 0 0 0 0 0 0 0 0
327 7 0 0 0 0 0 0 0 0
328 7 0 0 0 0 0 0 0 0
340 78 0 0 0 0 0 0 0 0
341 78 0 0 0 0 0 0 0 0
342 78 0 0 0 0 0 0 0 0
347 66 0 0 0 0 0 0 0 0
348 66 0 0 0 0 0 0 0 0
351 78 1 1 0 0 0 78 60 60
352 78 0 0 0 0 0 78 0 0
353 78 0 0 0 0 0 78 0 0
354 78 0 0 0 0 0 78 0 0
355 78 0 0 0 0 0 78 18 18
356 78 0 0 0 0 0 78 0 0
357 78 0 0 0 0 0 78 1 1
358 78 1 1 0 0 0 78 0 0
359 78 0 0 0 0 0 78 59 59
360 78 0 0 0 0 0 78 0 0
361 78 0 0 0 0 0 78 0 0
362 78 0 0 0 0 0 78 0 0
363 78 0 0 0 0 0 78 18 18
364 78 0 0 0 0 0 78 0 0
365 78 0 0 0 0 0 78 1 1
366 78 1 1 0 0 0 78 0 0
367 78 0 0 0 0 0 0 0 0
368 78 0 0 0 0 0 0 0 0
369 78 0 0 0 0 0 0 0 0
370 7 0 0 0 0 0 0 0 0
376 10 0 0 0 0 0 0 0 0
378 10 0 0 0 0 0 0 0 0
379 10 0 0 0 0 0 0 0 0
380 1 1 1 0 0 0 1 1 1
381 1 0 0 0 0 0 1 0 0
382 1 0 0 0 0 0 1 0 0
383 1 0 0 0 0 0 1 0 0
384 1 0 0 0 0 0 1 0 0
385 1 0 0 0 0 0 1 0 0
386 1 0 0 0 0 0 1 0 0
387 1 0 0 0 0 0 1 0 0
388 1 0 0 0 0 0 0 0 0
396 10 1 1 0 0 0 0 0 0
397 10 0 0 0 0 0 0 0 0
398 10 0 0 0 0 0 0 0 0
399 4 0 0 0 0 0 0 0 0
403 14 0 0 0 0 0 0 0 0
404 14 0 0 0 0 0 0 0 0
405 14 0 0 0 0 0 14 0 0
409 14 2 1 0 0 0 0 0 0
410 14 0 0 0 0 0 0 0 0
412 12 0 0 0 0 0 0 0 0
413 12 0 0 0 0 0 0 0 0
414 12 0 0 0 0 0 12 0 0
416 14 0 0 0 0 0 0 0 0
417 14 0 0 0 0 0 0 0 0
fl=/build/glibc-qeih7b/glibc-2.24/string/../sysdeps/mips/strcmp.S
fn=strcmp
82 575 1 1 0 0 0 0 0 0
83 575 0 0 0 0 0 0 0 0
84 575 0 0 0 0 0 0 0 0
88 575 0 0 0 0 0 0 0 0
89 48 1 1 0 0 0 0 0 0
90 48 0 0 0 0 0 0 0 0
91 48 0 0 0 0 0 0 0 0
103 250 1 1 96 14 8 0 0 0
104 5 0 0 0 0 0 0 0 0
105 31 1 1 10 0 0 0 0 0
106 3 0 0 0 0 0 0 0 0
107 14 1 1 4 0 0 0 0 0
108 2 0 0 0 0 0 0 0 0
109 14 1 1 4 1 1 0 0 0
110 2 0 0 0 0 0 0 0 0
111 7 1 1 2 0 0 0 0 0
112 1 0 0 0 0 0 0 0 0
123 3 0 0 0 0 0 0 0 0
124 3 0 0 0 0 0 0 0 0
173 45 1 1 0 0 0 0 0 0
174 45 1 1 0 0 0 0 0 0
175 45 0 0 0 0 0 0 0 0
176 45 0 0 0 0 0 0 0 0
178 45 0 0 0 0 0 0 0 0
179 25 0 0 0 0 0 0 0 0
180 25 0 0 0 0 0 0 0 0
181 25 0 0 0 0 0 0 0 0
182 25 0 0 0 0 0 0 0 0
183 25 1 1 0 0 0 0 0 0
185 25 0 0 0 0 0 0 0 0
186 4 0 0 0 0 0 0 0 0
187 4 0 0 0 0 0 0 0 0
188 4 0 0 0 0 0 0 0 0
189 4 0 0 0 0 0 0 0 0
190 4 0 0 0 0 0 0 0 0
192 4 0 0 0 0 0 0 0 0
193 2 0 0 0 0 0 0 0 0
197 23 0 0 0 0 0 0 0 0
198 23 0 0 0 0 0 0 0 0
200 22 0 0 0 0 0 0 0 0
201 22 0 0 0 0 0 0 0 0
222 3139 2 2 1256 109 97 0 0 0
223 1984 0 0 988 10 7 0 0 0
224 950 1 1 443 1 1 0 0 0
225 653 1 1 290 2 2 0 0 0
226 602 0 0 242 0 0 0 0 0
227 580 1 1 235 0 0 0 0 0
228 550 0 0 222 1 1 0 0 0
229 526 1 1 212 1 0 0 0 0
230 102 0 0 0 0 0 0 0 0
231 101 0 0 0 0 0 0 0 0
232 101 0 0 0 0 0 0 0 0
235 324 1 1 0 0 0 0 0 0
236 324 0 0 0 0 0 0 0 0
238 203 0 0 0 0 0 0 0 0
239 203 0 0 0 0 0 0 0 0
fl=/build/glibc-qeih7b/glibc-2.24/string/memcmp.c
fn=bcmp
125 22 1 1 0 0 0 0 0 0
145 3 1 1 3 1 1 0 0 0
146 6 0 0 3 1 1 0 0 0
149 1 0 0 1 1 1 0 0 0
150 1 0 0 1 0 0 0 0 0
152 1 0 0 0 0 0 0 0 0
153 1 0 0 0 0 0 0 0 0
161 1 0 0 1 0 0 0 0 0
163 2 0 0 1 0 0 0 0 0
164 6 2 2 0 0 0 0 0 0
167 4 0 0 4 0 0 0 0 0
169 8 0 0 4 0 0 0 0 0
173 8 1 1 4 0 0 0 0 0
175 8 1 1 4 0 0 0 0 0
179 2 1 1 2 0 0 0 0 0
181 4 0 0 2 1 1 0 0 0
186 2 0 0 0 0 0 0 0 0
188 4 0 0 0 0 0 0 0 0
193 4 0 0 0 0 0 0 0 0
194 12 1 1 0 0 0 0 0 0
308 11 0 0 0 0 0 0 0 0
312 33 1 1 0 0 0 0 0 0
316 12 0 0 0 0 0 0 0 0
332 12 1 1 0 0 0 0 0 0
333 4 0 0 0 0 0 0 0 0
340 6 0 0 0 0 0 0 0 0
341 2 0 0 0 0 0 0 0 0
342 2 0 0 0 0 0 0 0 0
346 120 2 2 0 0 0 0 0 0
348 49 0 0 49 2 2 0 0 0
349 56 0 0 49 3 3 0 0 0
350 7 0 0 0 0 0 0 0 0
352 49 1 1 0 0 0 0 0 0
353 100 0 0 0 0 0 0 0 0
359 12 0 0 0 0 0 0 0 0
fl=/build/glibc-qeih7b/glibc-2.24/string/strchr.c
fn=index
45 70 2 2 0 0 0 0 0 0
46 13 2 2 0 0 0 0 0 0
48 22 2 2 6 3 2 0 0 0
50 10 0 0 0 0 0 0 0 0
71 29 2 2 0 0 0 0 0 0
72 14 0 0 0 0 0 0 0 0
118 54 0 0 27 2 1 0 0 0
121 41 0 0 0 0 0 0 0 0
124 54 0 0 0 0 0 0 0 0
129 122 4 4 0 0 0 0 0 0
132 108 2 2 0 0 0 0 0 0
140 21 0 0 7 0 0 0 0 0
142 12 0 0 0 0 0 0 0 0
144 15 2 2 5 0 0 0 0 0
146 10 0 0 0 0 0 0 0 0
148 12 0 0 4 0 0 0 0 0
150 8 1 1 0 0 0 0 0 0
152 11 2 2 3 0 0 0 0 0
154 4 0 0 0 0 0 0 0 0
179 6 0 0 0 0 0 0 0 0
fl=/build/glibc-qeih7b/glibc-2.24/string/strcspn.c
fn=strcspn
32 10 1 1 0 0 0 5 2 2
33 6 1 1 3 1 1 0 0 0
39 5 0 0 1 0 0 0 0 0
40 7 2 2 2 0 0 0 0 0
41 6 0 0 2 0 0 0 0 0
42 6 1 1 1 0 0 0 0 0
47 10 0 0 3 0 0 0 0 0
48 6 1 1 0 0 0 3 0 0
51 5 0 0 3 0 0 0 0 0
52 5 1 1 2 0 0 0 0 0
53 5 1 1 2 0 0 0 0 0
54 5 2 2 2 0 0 0 0 0
56 2 0 0 0 0 0 0 0 0
61 1 0 0 0 0 0 0 0 0
62 42 1 1 28 1 1 0 0 0
63 28 0 0 14 0 0 0 0 0
64 56 0 0 42 0 0 0 0 0
65 28 0 0 14 0 0 0 0 0
67 99 1 1 14 0 0 0 0 0
70 5 1 1 0 0 0 0 0 0
71 6 0 0 4 0 0 0 0 0
fl=/build/glibc-qeih7b/glibc-2.24/string/strdup.c
fn=strdup
40 16 2 2 0 0 0 6 2 2
41 10 0 0 4 0 0 2 0 0
42 6 0 0 2 0 0 0 0 0
44 4 1 1 2 0 0 0 0 0
47 10 1 1 2 0 0 0 0 0
48 8 0 0 6 0 0 0 0 0
fl=/build/glibc-qeih7b/glibc-2.24/string/strlen.c
fn=strlen
41 156 1 1 0 0 0 0 0 0
42 13 1 1 0 0 0 0 0 0
43 4 0 0 0 0 0 0 0 0
44 16 0 0 4 0 0 0 0 0
78 148 0 0 74 2 2 0 0 0
80 480 3 3 0 0 0 0 0 0
87 27 0 0 9 0 0 0 0 0
88 2 1 1 0 0 0 0 0 0
89 24 0 0 8 0 0 0 0 0
90 18 1 1 0 0 0 0 0 0
91 6 0 0 2 0 0 0 0 0
93 6 0 0 2 0 0 0 0 0
94 2 0 0 0 0 0 0 0 0
108 4 0 0 0 0 0 0 0 0
fl=/build/glibc-qeih7b/glibc-2.24/string/strrchr.c
fn=rindex
29 8 2 2 0 0 0 3 0 0
36 5 1 1 0 0 0 1 0 0
40 21 1 1 6 1 0 0 0 0
43 2 0 0 0 0 0 0 0 0
47 6 0 0 3 0 0 0 0 0
fl=/opt/valgrind/share/fiuba/01-holamundo.S
fn=main
12 3 1 1 0 0 0 0 0 0
14 1 0 0 0 0 0 0 0 0
15 1 1 1 0 0 0 1 0 0
16 1 0 0 0 0 0 0 0 0
17 1 0 0 0 0 0 1 0 0
19 1 0 0 0 0 0 0 0 0
20 2 0 0 1 0 0 0 0 0
21 1 0 0 0 0 0 0 0 0
22 1 0 0 0 0 0 0 0 0
23 1 1 1 0 0 0 0 0 0
24 1 0 0 0 0 0 0 0 0
26 1 0 0 0 0 0 0 0 0
27 1 0 0 1 0 0 0 0 0
28 1 0 0 0 0 0 0 0 0
30 1 0 0 0 0 0 0 0 0
31 1 0 0 0 0 0 0 0 0
fl=???
fn=???
0 210 34 32 54 0 0 23 1 0
fn=__libc_csu_init
0 41 5 5 12 0 0 8 0 0
fn=__start
0 23 3 3 4 1 1 1 0 0
fn=_dl_runtime_resolve
0 31 5 5 7 0 0 6 0 0
fn=_dl_start_user
0 31 4 4 9 1 0 2 0 0
summary: 218518 1376 1366 63561 1850 1629 38390 433 416
