desc: I1 cache:         32768 B, 32 B, 4-way associative
desc: D1 cache:         32768 B, 32 B, 2-way associative
desc: LL cache:         524288 B, 32 B, 8-way associative
cmd: /tmp/mult
events: Ir I1mr ILmr Dr D1mr DLmr Dw D1mw DLmw 
fl=/build/glibc-qeih7b/glibc-2.24/csu/../csu/init-first.c
fn=_init
52 13 2 2 0 0 0 6 1 1
58 4 1 1 2 1 0 1 0 0
65 6 2 2 4 3 0 1 1 1
70 2 0 0 1 0 0 1 1 0
71 2 0 0 1 0 0 1 0 0
72 2 0 0 1 0 0 1 1 1
86 7 1 1 2 0 0 1 0 0
94 3 1 1 1 0 0 0 0 0
99 8 0 0 6 0 0 0 0 0
fl=/build/glibc-qeih7b/glibc-2.24/csu/../sysdeps/generic/dl-hash.h
fn=_init
45 12 1 1 4 1 1 0 0 0
48 12 0 0 0 0 0 0 0 0
62 8 0 0 0 0 0 0 0 0
67 1 0 0 0 0 0 0 0 0
fl=/build/glibc-qeih7b/glibc-2.24/csu/../sysdeps/unix/mips/sysdep.S
fn=__syscall_error
37 21 1 1 0 0 0 0 0 0
45 6 1 1 0 0 0 3 0 0
47 3 0 0 0 0 0 3 1 1
48 3 0 0 0 0 0 3 0 0
60 12 0 0 6 0 0 0 0 0
63 3 0 0 3 0 0 0 0 0
64 3 1 1 0 0 0 3 0 0
67 3 0 0 3 0 0 0 0 0
69 3 0 0 0 0 0 0 0 0
71 6 0 0 0 0 0 0 0 0
fl=/build/glibc-qeih7b/glibc-2.24/csu/../sysdeps/unix/sysv/linux/mips/init-first.c
fn=_init
30 18 3 3 2 1 0 4 0 0
32 7 1 1 3 0 0 0 0 0
34 1 0 0 1 0 0 0 0 0
36 7 1 1 2 0 0 1 0 0
38 1 0 0 1 1 0 0 0 0
fl=/build/glibc-qeih7b/glibc-2.24/csu/errno-loc.c
fn=__errno_location
25 66 2 2 0 0 0 0 0 0
26 38 1 1 0 0 0 0 0 0
27 63 0 0 22 0 0 0 0 0
fl=/build/glibc-qeih7b/glibc-2.24/csu/libc-start.c
fn=(below main)
134 15 2 2 0 0 0 10 0 0
138 4 1 1 3 0 0 0 0 0
220 2 0 0 0 0 0 1 0 0
221 5 1 1 2 1 0 0 0 0
243 5 1 1 3 0 0 0 0 0
246 2 0 0 1 0 0 0 0 0
247 6 1 1 4 0 0 0 0 0
251 4 0 0 2 0 0 0 0 0
266 2 0 0 0 0 0 0 0 0
278 3 1 1 1 0 0 0 0 0
279 2 0 0 1 0 0 0 0 0
281 2 0 0 0 0 0 0 0 0
284 2 0 0 1 1 0 1 0 0
285 2 0 0 1 1 0 1 0 0
288 1 0 0 0 0 0 0 0 0
291 8 2 2 6 1 1 1 0 0
325 5 1 1 1 0 0 0 0 0
fl=/build/glibc-qeih7b/glibc-2.24/ctype/ctype-info.c
fn=__ctype_init
29 3 1 1 0 0 0 0 0 0
31 11 1 1 5 1 0 1 1 0
33 5 1 1 2 0 0 1 0 0
35 6 1 1 2 0 0 1 0 0
fl=/build/glibc-qeih7b/glibc-2.24/elf/../elf/dl-sysdep.c
fn=_dl_sysdep_start
86 16 4 4 0 0 0 12 3 3
110 2 0 0 1 0 0 1 0 0
111 88 2 2 42 3 3 4 3 3
114 2 0 0 1 0 0 1 0 0
117 120 9 9 33 8 8 10 0 0
118 136 1 1 18 4 4 1 0 0
122 2 0 0 1 0 0 0 0 0
125 2 0 0 1 0 0 0 0 0
127 1 1 1 1 0 0 0 0 0
128 2 0 0 0 0 0 0 0 0
130 1 0 0 1 0 0 0 0 0
131 2 0 0 0 0 0 0 0 0
151 1 1 1 1 0 0 0 0 0
152 2 0 0 0 0 0 0 0 0
157 2 1 1 1 0 0 0 0 0
158 2 1 1 0 0 0 0 0 0
163 1 0 0 1 0 0 0 0 0
164 2 0 0 0 0 0 0 0 0
179 1 0 0 1 0 0 0 0 0
180 3 1 1 0 0 0 1 0 0
234 8 2 2 3 0 0 0 0 0
240 2 1 1 0 0 0 1 0 0
246 3 0 0 2 0 0 0 0 0
249 6 1 1 2 0 0 0 0 0
250 1 0 0 1 0 0 0 0 0
251 12 3 2 10 1 0 0 0 0
fn=_dl_sysdep_start_cleanup
256 2 1 0 0 0 0 0 0 0
fl=/build/glibc-qeih7b/glibc-2.24/elf/../misc/sbrk.c
fn=sbrk
34 9 2 2 0 0 0 5 1 1
42 8 1 1 5 1 1 0 0 0
46 2 0 0 1 0 0 0 0 0
62 6 2 2 3 0 0 0 0 0
fl=/build/glibc-qeih7b/glibc-2.24/elf/../string/string.h
fn=_dl_allocate_tls_init
650 6 1 1 3 0 0 0 0 0
fn=_dl_important_hwcaps
650 6 2 2 3 0 0 0 0 0
fn=_dl_new_object
650 55 2 2 4 0 0 0 0 0
fl=/build/glibc-qeih7b/glibc-2.24/elf/../sysdeps/generic/dl-hash.h
fn=do_lookup_x
31 228 1 1 228 0 0 0 0 0
32 570 0 0 228 0 0 0 0 0
34 114 0 0 0 0 0 0 0 0
35 342 1 1 114 0 0 0 0 0
37 114 0 0 0 0 0 0 0 0
38 456 0 0 228 0 0 0 0 0
40 114 0 0 0 0 0 0 0 0
41 456 1 1 228 0 0 0 0 0
43 214 1 1 0 0 0 0 0 0
44 107 0 0 107 0 0 0 0 0
45 3266 0 0 1160 0 0 0 0 0
48 2838 0 0 0 0 0 0 0 0
62 1892 1 1 0 0 0 0 0 0
67 335 0 0 0 0 0 0 0 0
fl=/build/glibc-qeih7b/glibc-2.24/elf/../sysdeps/generic/ldsodefs.h
fn=_dl_addr
102 7029 0 0 2343 0 0 0 0 0
fn=_dl_relocate_object
102 309 1 1 103 0 0 0 0 0
fn=do_lookup_x
102 1033 2 2 619 0 0 0 0 0
fl=/build/glibc-qeih7b/glibc-2.24/elf/../sysdeps/mips/dl-machine-reject-phdr.h
fn=elf_machine_reject_phdr_p
46 46 1 1 3 0 0 2 0 0
47 40 5 5 11 3 3 0 0 0
57 15 1 1 5 2 2 0 0 0
59 3 0 0 3 0 0 0 0 0
64 12 0 0 3 2 2 0 0 0
67 9 1 1 6 0 0 0 0 0
69 9 0 0 3 3 3 0 0 0
73 6 0 0 3 2 2 3 0 0
74 9 1 1 3 0 0 3 0 0
158 30 4 4 0 0 0 20 2 2
172 8 1 1 1 0 0 0 0 0
179 2 0 0 2 2 2 0 0 0
181 10 1 1 4 0 0 0 0 0
182 2 0 0 0 0 0 0 0 0
191 6 0 0 2 0 0 0 0 0
194 6 0 0 2 2 2 0 0 0
197 2 1 1 2 1 1 0 0 0
201 8 2 2 2 0 0 0 0 0
204 6 0 0 0 0 0 0 0 0
208 20 2 2 12 1 1 0 0 0
212 64 0 0 0 0 0 0 0 0
213 143 0 0 37 15 15 0 0 0
229 15 1 1 0 0 0 0 0 0
230 3 0 0 0 0 0 0 0 0
237 14 0 0 0 0 0 0 0 0
240 20 0 0 0 0 0 0 0 0
243 83 2 2 27 0 0 0 0 0
255 30 1 1 0 0 0 0 0 0
260 12 1 1 0 0 0 0 0 0
261 20 1 1 5 0 0 0 0 0
273 4 1 1 0 0 0 0 0 0
274 4 0 0 0 0 0 0 0 0
323 4 1 1 0 0 0 0 0 0
324 26 2 2 20 0 0 0 0 0
fl=/build/glibc-qeih7b/glibc-2.24/elf/../sysdeps/mips/dl-machine.h
fn=__dl_runtime_resolve
124 33 3 2 0 0 0 0 0 0
fn=_dl_relocate_object
499 1293 1 1 0 0 0 0 0 0
512 12936 6 6 1275 0 0 4 0 0
525 196 4 4 14 1 1 0 0 0
547 56 1 1 14 0 0 0 0 0
549 113 2 2 43 2 0 6 0 0
552 98 1 1 28 1 1 14 0 0
572 2550 1 1 2550 233 231 0 0 0
576 2550 1 1 0 0 0 1275 0 0
578 18 0 0 18 0 0 0 0 0
581 27 0 0 9 0 0 0 0 0
607 9 0 0 9 0 0 0 0 0
608 9 1 1 9 1 0 0 0 0
612 117 2 2 45 1 0 9 0 0
618 3798 1 1 2532 0 0 0 0 0
620 3771 1 1 1256 0 0 1256 0 0
622 5119 2 2 2550 0 0 10200 0 0
666 8 0 0 0 0 0 0 0 0
693 62 2 2 14 0 0 20 0 0
803 12 0 0 4 3 1 0 0 0
804 6 0 0 3 2 0 0 0 0
808 8 0 0 4 1 0 0 0 0
810 4 0 0 4 3 0 0 0 0
812 28 1 1 8 3 0 8 0 0
816 9 1 1 3 0 0 0 0 0
820 6 0 0 0 0 0 0 0 0
822 2433 3 3 1209 0 0 0 0 0
823 4836 0 0 1209 151 151 1209 0 0
828 4 0 0 0 0 0 0 0 0
830 11 0 0 8 6 0 0 0 0
831 20 1 1 8 0 0 0 0 0
832 4 0 0 4 0 0 0 0 0
833 8 0 0 4 0 0 0 0 0
836 272 3 3 4 0 0 0 0 0
838 360 0 0 120 47 41 0 0 0
840 214 2 2 59 0 0 0 0 0
841 68 1 1 34 0 0 0 0 0
843 34 0 0 0 0 0 0 0 0
851 110 0 0 28 4 3 20 0 0
853 166 2 2 0 0 0 0 0 0
854 2 0 0 0 0 0 0 0 0
855 336 0 0 83 0 0 0 0 0
856 60 1 1 45 3 1 0 0 0
858 10 1 1 0 0 0 0 0 0
859 68 1 1 17 0 0 17 1 1
863 165 3 3 35 2 0 30 0 0
865 136 0 0 0 0 0 0 0 0
871 4388 7 7 1139 13 5 984 15 12
873 120 0 0 0 0 0 0 0 0
874 120 0 0 0 0 0 0 0 0
895 12 1 1 8 0 0 0 0 0
901 10 1 1 7 2 0 0 0 0
910 9 0 0 3 3 3 3 0 0
911 15 2 2 3 0 0 3 0 0
920 12 0 0 8 0 0 0 0 0
fn=_dl_start
153 5 1 1 1 0 0 0 0 0
499 11 1 1 0 0 0 0 0 0
512 30 1 1 1 0 0 0 0 0
572 20 1 1 20 2 2 0 0 0
576 20 0 0 0 0 0 10 0 0
620 50 2 2 20 0 0 10 0 0
622 40 0 0 10 0 0 80 0 0
fn=_dl_sysdep_start
447 3 0 0 2 0 0 0 0 0
fn=open_verify.constprop.7
113 8 0 0 2 2 2 0 0 0
116 6 1 1 2 0 0 0 0 0
fl=/build/glibc-qeih7b/glibc-2.24/elf/../sysdeps/mips/dl-procinfo.h
fn=_dl_load_cache_lookup
44 5 3 3 0 0 0 1 0 0
fl=/build/glibc-qeih7b/glibc-2.24/elf/../sysdeps/mips/dl-trampoline.c
fn=__dl_runtime_resolve
40 44 0 0 22 5 2 0 0 0
45 11 0 0 11 0 0 0 0 0
47 22 0 0 0 0 0 0 0 0
53 11 1 1 11 3 1 0 0 0
59 121 0 0 55 2 1 0 0 0
61 275 2 2 55 20 10 0 0 0
63 33 0 0 22 3 1 0 0 0
64 11 1 1 0 0 0 0 0 0
65 77 0 0 11 4 2 0 0 0
124 88 1 1 0 0 0 77 2 2
127 44 0 0 22 4 2 0 0 0
128 33 0 0 22 0 0 0 0 0
130 22 0 0 22 3 1 0 0 0
131 22 0 0 22 5 2 0 0 0
133 22 1 1 22 5 2 0 0 0
135 33 1 1 0 0 0 11 0 0
140 44 1 1 11 4 2 0 0 0
142 33 0 0 11 5 1 0 0 0
148 44 1 1 22 5 2 0 0 0
149 44 0 0 11 2 1 0 0 0
151 33 1 1 11 3 1 0 0 0
156 44 0 0 11 3 1 0 0 0
159 88 1 1 22 3 1 33 0 0
183 44 1 1 11 0 0 11 0 0
188 44 0 0 22 0 0 0 0 0
195 55 1 1 22 0 0 0 0 0
203 44 0 0 0 0 0 11 0 0
206 99 2 2 66 0 0 0 0 0
fl=/build/glibc-qeih7b/glibc-2.24/elf/../sysdeps/posix/dl-fileid.h
fn=_dl_map_object_from_fd
37 16 0 0 4 0 0 2 0 0
40 4 0 0 2 0 0 2 0 0
41 6 1 1 4 1 1 2 0 0
49 36 1 1 14 1 1 0 0 0
fl=/build/glibc-qeih7b/glibc-2.24/elf/../sysdeps/unix/sysv/linux/dl-osinfo.h
fn=security_init
62 2 0 0 2 0 0 0 0 0
66 1 0 0 0 0 0 0 0 0
77 3 0 0 2 0 0 0 0 0
fl=/build/glibc-qeih7b/glibc-2.24/elf/../sysdeps/unix/sysv/linux/dl-sysdep.c
fn=_dl_discover_osversion
45 15 3 3 0 0 0 11 1 1
47 4 0 0 3 0 0 0 0 0
87 5 2 2 1 0 0 0 0 0
102 1 0 0 0 0 0 0 0 0
106 1 0 0 0 0 0 0 0 0
107 1 0 0 0 0 0 0 0 0
109 18 1 1 3 1 1 0 0 0
113 18 1 1 3 0 0 0 0 0
119 3 0 0 0 0 0 0 0 0
120 3 1 1 0 0 0 0 0 0
121 3 0 0 0 0 0 0 0 0
123 12 1 1 2 0 0 0 0 0
128 3 2 2 1 0 0 0 0 0
132 11 1 1 9 0 0 0 0 0
fn=_dl_sysdep_start
35 6 1 1 1 0 0 1 0 0
fl=/build/glibc-qeih7b/glibc-2.24/elf/../sysdeps/unix/sysv/linux/dl-vdso.c
fn=_dl_vdso_vsym
26 12 1 1 0 0 0 4 2 2
27 4 0 0 4 0 0 0 0 0
28 2 0 0 0 0 0 0 0 0
31 4 1 1 0 0 0 0 0 0
49 6 2 2 2 0 0 0 0 0
fl=/build/glibc-qeih7b/glibc-2.24/elf/../sysdeps/unix/sysv/linux/mips/brk.c
fn=brk
32 3 1 1 0 0 0 0 0 0
36 2 1 1 0 0 0 0 0 0
37 1 0 0 1 0 0 0 0 0
39 3 0 0 0 0 0 1 1 1
45 1 0 0 0 0 0 0 0 0
46 2 0 0 0 0 0 0 0 0
fl=/build/glibc-qeih7b/glibc-2.24/elf/./dl-load.h
fn=_dl_map_object_from_fd
90 12 1 1 0 0 0 0 0 0
91 8 0 0 4 0 0 2 0 0
93 12 1 1 4 0 0 0 0 0
94 5 2 2 2 0 0 0 0 0
95 7 0 0 2 0 0 0 0 0
96 3 1 1 1 0 0 0 0 0
98 3 0 0 0 0 0 1 0 0
fl=/build/glibc-qeih7b/glibc-2.24/elf/./dl-map-segments.h
fn=_dl_map_object_from_fd
50 2 0 0 2 0 0 0 0 0
56 24 2 2 8 0 0 6 2 2
60 10 1 1 4 0 0 2 0 0
63 4 0 0 0 0 0 2 0 0
64 4 0 0 0 0 0 2 0 0
66 6 1 1 2 0 0 0 0 0
72 20 1 1 10 0 0 0 0 0
73 8 1 1 0 0 0 2 0 0
76 10 0 0 2 0 0 2 0 0
86 28 1 1 0 0 0 0 0 0
88 10 1 1 4 0 0 0 0 0
90 34 2 2 14 0 0 8 0 0
100 20 0 0 8 0 0 0 0 0
106 4 1 1 2 0 0 0 0 0
107 2 0 0 0 0 0 0 0 0
108 14 1 1 2 0 0 0 0 0
109 2 0 0 0 0 0 0 0 0
116 6 0 0 0 0 0 0 0 0
119 6 0 0 2 0 0 0 0 0
127 26 1 1 10 0 0 8 0 0
133 6 0 0 0 0 0 0 0 0
137 11 3 3 2 0 0 4 0 0
140 3 0 0 2 0 0 0 0 0
145 4 1 1 0 0 0 0 0 0
fl=/build/glibc-qeih7b/glibc-2.24/elf/dl-addr.c
fn=_dl_addr
30 2 0 0 1 0 0 1 0 0
31 2 0 0 1 0 0 1 0 0
34 3 0 0 1 0 0 0 0 0
39 4 1 1 3 0 0 0 0 0
40 3 0 0 2 0 0 0 0 0
42 2 1 1 2 0 0 0 0 0
45 3 0 0 1 0 0 0 0 0
78 3 1 1 1 0 0 0 0 0
79 1 0 0 0 0 0 0 0 0
80 4 1 1 2 0 0 0 0 0
88 9387 0 0 0 0 0 0 0 0
89 11730 2 2 2346 1135 971 0 0 0
90 2346 0 0 0 0 0 0 0 0
91 7029 0 0 0 0 0 0 0 0
92 4688 1 1 0 0 0 0 0 0
93 7020 0 0 4680 0 0 0 0 0
94 16 0 0 0 0 0 0 0 0
95 13939 4 4 667 0 0 0 0 0
100 2 1 1 0 0 0 0 0 0
101 1 1 1 0 0 0 1 1 0
102 2 0 0 0 0 0 0 0 0
105 2 0 0 0 0 0 0 0 0
117 1 0 0 0 0 0 1 0 0
118 2 0 0 0 0 0 1 0 0
127 14 2 2 0 0 0 7 0 0
132 6 1 1 3 1 0 0 0 0
134 3 0 0 1 1 0 0 0 0
136 2 1 1 1 0 0 0 0 0
142 3 1 1 1 1 0 0 0 0
145 9 1 1 6 2 0 0 0 0
fl=/build/glibc-qeih7b/glibc-2.24/elf/dl-cache.c
fn=_dl_cache_libcmp
139 96 2 2 32 0 0 0 0 0
141 155 0 0 0 0 0 0 0 0
143 6 1 1 1 0 0 0 0 0
149 1 1 1 0 0 0 0 0 0
150 1 0 0 0 0 0 0 0 0
151 6 0 0 1 0 0 0 0 0
153 6 1 1 1 0 0 0 0 0
155 2 0 0 0 0 0 0 0 0
161 180 2 2 30 7 7 0 0 0
163 60 0 0 0 0 0 0 0 0
164 10 0 0 0 0 0 0 0 0
171 3 0 0 1 0 0 0 0 0
fn=_dl_load_cache_lookup
185 16 3 3 0 0 0 11 1 1
193 5 0 0 2 0 0 0 0 0
196 4 1 1 2 0 0 0 0 0
199 8 2 2 4 0 0 0 0 0
207 7 0 0 2 0 0 0 0 0
208 9 1 1 3 0 0 0 0 0
212 1 0 0 0 0 0 1 0 0
215 7 2 2 1 0 0 0 0 0
218 3 0 0 1 0 0 1 0 0
219 4 0 0 0 0 0 1 0 0
220 9 1 1 2 0 0 0 0 0
247 5 1 1 2 0 0 0 0 0
256 2 0 0 1 0 0 0 0 0
258 1 0 0 1 0 0 0 0 0
262 7 1 1 3 0 0 1 0 0
281 171 17 17 25 7 7 0 0 0
297 4 0 0 1 0 0 0 0 0
301 2 1 1 0 0 0 0 0 0
309 9 0 0 2 0 0 0 0 0
310 6 2 2 2 0 0 0 0 0
311 3 0 0 1 0 0 0 0 0
312 13 1 1 10 0 0 0 0 0
fn=_dl_unload_cache
321 7 2 2 0 0 0 3 0 0
322 6 0 0 3 1 0 0 0 0
324 4 1 1 3 0 0 0 0 0
325 1 0 0 0 0 0 1 0 0
327 4 0 0 2 0 0 0 0 0
fl=/build/glibc-qeih7b/glibc-2.24/elf/dl-debug.c
fn=_dl_debug_initialize
47 12 1 1 0 0 0 0 0 0
50 8 0 0 4 0 0 0 0 0
55 18 2 2 4 2 1 0 0 0
59 3 2 2 0 0 0 2 0 0
60 5 0 0 2 0 0 0 0 0
61 2 0 0 1 0 0 1 0 0
64 8 1 1 0 0 0 1 0 0
fn=_dl_debug_state
74 4 0 0 0 0 0 0 0 0
fl=/build/glibc-qeih7b/glibc-2.24/elf/dl-deps.c
fn=_dl_map_object_deps
144 2 0 0 0 0 0 2 0 0
145 2 0 0 0 0 0 2 0 0
146 7 0 0 1 0 0 3 0 0
148 12 1 1 6 0 0 3 0 0
152 7 1 1 2 0 0 0 0 0
160 18 4 4 0 0 0 13 0 0
161 8 0 0 0 0 0 0 0 0
178 7 1 1 0 0 0 2 0 0
179 2 1 1 1 0 0 0 0 0
182 4 1 1 0 0 0 2 0 0
188 1 0 0 0 0 0 1 0 0
189 1 0 0 0 0 0 1 0 0
201 5 0 0 2 0 0 2 0 0
202 1 0 0 0 0 0 1 0 0
203 1 0 0 0 0 0 1 0 0
204 3 0 0 0 0 0 3 0 0
210 1 0 0 0 0 0 0 0 0
213 8 1 1 4 0 0 0 0 0
217 24 2 2 12 0 0 4 0 0
218 17 0 0 3 0 0 0 0 0
222 8 1 1 4 0 0 0 0 0
224 28 3 3 4 0 0 4 0 0
229 24 2 2 8 1 1 0 0 0
231 10 1 1 6 0 0 2 0 0
236 2 0 0 0 0 0 2 0 0
237 2 0 0 0 0 0 2 0 0
238 4 1 1 2 0 0 2 0 0
239 2 0 0 2 0 0 0 0 0
242 242 1 1 120 1 0 4 0 0
243 168 1 1 0 0 0 0 0 0
249 16 1 1 8 0 0 0 0 0
251 2 0 0 0 0 0 2 0 0
254 16 2 2 4 0 0 2 0 0
256 6 0 0 4 0 0 0 0 0
271 2 0 0 2 0 0 0 0 0
273 10 1 1 4 0 0 0 0 0
278 4 0 0 0 0 0 0 0 0
281 2 0 0 0 0 0 2 0 0
282 2 0 0 0 0 0 2 0 0
283 2 0 0 0 0 0 2 0 0
284 4 0 0 2 0 0 2 0 0
286 6 1 1 2 0 0 2 0 0
288 12 1 1 2 0 0 4 0 0
292 6 0 0 2 0 0 0 0 0
293 3 0 0 0 0 0 1 0 0
295 324 0 0 54 0 0 0 0 0
300 3 0 0 1 0 0 1 0 0
308 2 1 1 1 0 0 1 0 0
311 3 0 0 1 0 0 1 0 0
317 3 1 1 1 0 0 1 0 0
459 11 2 2 2 0 0 0 0 0
461 3 0 0 0 0 0 0 0 0
463 9 0 0 3 0 0 2 0 0
465 4 0 0 0 0 0 0 0 0
468 2 0 0 0 0 0 2 1 1
469 14 2 2 4 0 0 0 0 0
470 16 1 1 4 0 0 0 0 0
472 2 0 0 0 0 0 0 0 0
473 2 0 0 0 0 0 2 0 0
474 8 0 0 2 0 0 2 0 0
478 20 2 2 10 0 0 0 0 0
480 4 0 0 4 0 0 0 0 0
481 18 1 1 8 0 0 0 0 0
485 5 2 2 3 0 0 0 0 0
486 3 0 0 0 0 0 1 0 0
489 4 1 1 2 0 0 1 0 0
499 4 0 0 2 0 0 0 0 0
500 2 1 1 1 0 0 0 0 0
502 2 1 1 0 0 0 1 0 0
507 9 0 0 3 0 0 1 0 0
508 2 1 1 1 0 0 1 0 0
510 13 0 0 4 0 0 0 0 0
512 9 1 1 4 0 0 0 0 0
516 16 1 1 4 0 0 4 1 1
520 12 0 0 4 0 0 4 0 0
523 5 2 2 3 0 0 0 0 0
574 4 0 0 3 0 0 0 0 0
576 4 1 1 2 0 0 0 0 0
611 8 2 2 3 0 0 1 0 0
613 3 1 1 0 0 0 1 0 0
614 1 0 0 0 0 0 1 0 0
617 1 0 0 0 0 0 0 0 0
618 11 2 2 0 0 0 1 0 0
619 17 1 1 3 0 0 2 0 0
623 17 1 1 3 0 0 4 0 0
624 7 1 1 4 0 0 0 0 0
630 22 2 2 9 0 0 1 0 0
632 6 0 0 6 0 0 0 0 0
633 6 0 0 0 0 0 0 0 0
635 9 1 1 3 0 0 0 0 0
636 4 0 0 0 0 0 0 0 0
640 2 1 1 1 0 0 1 0 0
658 3 0 0 0 0 0 0 0 0
661 7 1 1 1 0 0 0 0 0
664 22 2 2 6 0 0 0 0 0
671 4 0 0 2 0 0 1 0 0
672 1 1 1 0 0 0 0 0 0
673 2 0 0 1 0 0 1 0 0
674 5 0 0 2 0 0 1 0 0
675 3 1 1 1 0 0 0 0 0
682 3 1 1 2 0 0 0 0 0
685 3 1 1 2 0 0 0 0 0
688 12 1 1 9 0 0 0 0 0
fn=openaux
60 16 1 1 0 0 0 6 1 1
63 24 3 3 12 0 0 6 0 0
64 6 0 0 2 0 0 0 0 0
65 4 0 0 0 0 0 0 0 0
68 8 0 0 4 0 0 0 0 0
fl=/build/glibc-qeih7b/glibc-2.24/elf/dl-environ.c
fn=_dl_next_ld_env_entry
30 2 1 1 2 0 0 0 0 0
33 57 0 0 19 0 0 0 0 0
35 54 1 1 18 10 10 0 0 0
36 16 1 1 4 0 0 0 0 0
38 1 0 0 0 0 0 0 0 0
41 1 0 0 0 0 0 0 0 0
43 2 1 1 0 0 0 1 0 0
46 2 0 0 0 0 0 0 0 0
50 2 0 0 0 0 0 0 0 0
fl=/build/glibc-qeih7b/glibc-2.24/elf/dl-error.c
fn=_dl_catch_error
163 30 3 3 0 0 0 18 2 2
175 3 0 0 0 0 0 3 0 0
176 3 0 0 0 0 0 3 0 0
177 3 0 0 0 0 0 3 0 0
178 6 0 0 0 0 0 3 0 0
180 18 1 1 9 0 0 0 0 0
181 6 0 0 3 0 0 3 0 0
182 6 0 0 0 0 0 3 0 0
185 21 1 1 6 0 0 3 0 0
187 6 0 0 3 0 0 0 0 0
188 9 0 0 6 0 0 3 0 0
189 6 0 0 3 0 0 3 0 0
190 6 0 0 3 0 0 3 0 0
191 6 0 0 3 0 0 3 0 0
192 3 0 0 0 0 0 0 0 0
199 9 3 2 3 0 0 0 0 0
fn=_dl_receive_error
205 13 2 2 0 0 0 7 0 0
206 5 1 1 2 0 0 0 0 0
210 1 1 1 1 0 0 0 0 0
211 2 0 0 2 0 0 0 0 0
215 1 0 0 0 0 0 1 0 0
217 4 0 0 0 0 0 1 0 0
219 1 0 0 0 0 0 1 0 0
220 1 0 0 0 0 0 1 0 0
221 8 1 1 6 0 0 0 0 0
fl=/build/glibc-qeih7b/glibc-2.24/elf/dl-fini.c
fn=_dl_fini
130 16 3 3 0 0 0 11 0 0
150 11 0 0 4 1 1 1 0 0
153 3 1 1 1 1 1 0 0 0
155 1 0 0 1 1 1 0 0 0
158 2 0 0 1 0 0 0 0 0
160 6 1 1 3 0 0 1 0 0
165 1 0 0 0 0 0 1 0 0
168 7 1 1 0 0 0 0 0 0
173 14 1 1 4 0 0 1 0 0
175 12 1 1 8 1 1 0 0 0
177 12 0 0 4 0 0 0 0 0
179 12 1 1 0 0 0 4 0 0
180 4 0 0 0 0 0 4 4 4
181 8 0 0 0 0 0 4 0 0
185 12 0 0 4 1 1 4 0 0
187 4 1 1 2 1 1 0 0 0
192 5 0 0 1 0 0 0 0 0
201 5 1 1 2 0 0 0 0 0
206 16 1 1 4 0 0 0 0 0
208 4 1 1 4 0 0 0 0 0
210 16 0 0 4 0 0 0 0 0
216 12 0 0 4 4 4 4 0 0
217 6 1 1 4 1 1 0 0 0
220 12 2 2 5 0 0 1 0 0
222 3 1 1 1 0 0 1 0 0
223 7 1 1 1 0 0 1 0 0
231 4 0 0 4 2 2 0 0 0
232 6 1 1 4 0 0 0 0 0
234 14 0 0 4 2 2 0 0 0
235 6 1 1 2 2 2 0 0 0
239 4 0 0 0 0 0 0 0 0
240 12 1 1 6 2 2 0 0 0
246 24 1 1 16 1 1 0 0 0
262 12 0 0 4 0 0 4 0 0
268 6 1 1 3 0 0 0 0 0
274 4 1 1 2 0 0 0 0 0
281 12 1 1 9 0 0 0 0 0
fn=_dl_sort_fini
31 22 3 3 0 0 0 12 0 0
33 3 1 1 1 1 1 0 0 0
38 1 0 0 0 0 0 0 0 0
39 7 0 0 0 0 0 1 0 0
40 10 1 1 2 1 1 1 0 0
44 9 0 0 3 0 0 0 0 0
45 9 1 1 3 0 0 0 0 0
49 21 2 2 6 0 0 3 0 0
56 22 0 0 3 0 0 0 0 0
58 6 0 0 6 1 1 0 0 0
59 6 0 0 0 0 0 0 0 0
61 9 1 1 3 1 1 0 0 0
62 4 0 0 0 0 0 0 0 0
67 1 1 1 0 0 0 1 0 0
81 1 1 1 0 0 0 0 0 0
92 9 2 2 3 0 0 0 0 0
113 3 0 0 0 0 0 0 0 0
117 6 1 1 0 0 0 0 0 0
120 20 0 0 4 0 0 0 0 0
124 14 1 1 10 0 0 0 0 0
fl=/build/glibc-qeih7b/glibc-2.24/elf/dl-hwcaps.c
fn=_dl_important_hwcaps
39 20 2 2 0 0 0 15 0 0
41 8 2 2 5 0 0 1 0 0
42 1 0 0 0 0 0 0 0 0
51 3 1 1 0 0 0 1 0 0
61 4 2 2 2 0 0 1 0 0
113 3 2 2 0 0 0 1 0 0
115 7 2 2 3 0 0 0 0 0
130 8 1 1 0 0 0 1 0 0
131 1 0 0 0 0 0 0 0 0
162 3 2 2 1 0 0 0 0 0
170 3 2 2 2 0 0 0 0 0
177 5 1 1 2 0 0 1 0 0
178 2 0 0 0 0 0 1 0 0
181 3 1 1 2 0 0 0 0 0
184 3 0 0 1 0 0 0 0 0
185 2 1 1 2 0 0 0 0 0
207 2 0 0 1 0 0 0 0 0
208 5 1 1 2 0 0 1 0 0
209 2 0 0 0 0 0 0 0 0
218 2 0 0 0 0 0 1 0 0
219 2 0 0 0 0 0 1 0 0
220 1 0 0 0 0 0 1 0 0
221 1 0 0 0 0 0 1 0 0
223 3 0 0 0 0 0 1 0 0
224 2 0 0 1 0 0 1 0 0
225 2 0 0 2 0 0 0 0 0
227 3 1 1 0 0 0 1 0 0
308 13 2 2 10 0 0 0 0 0
fl=/build/glibc-qeih7b/glibc-2.24/elf/dl-init.c
fn=_dl_init
30 40 3 3 7 0 0 0 0 0
80 17 3 3 0 0 0 10 1 0
81 1 0 0 1 1 0 0 0 0
82 1 0 0 1 0 0 0 0 0
85 4 1 1 2 0 0 0 0 0
88 2 1 1 0 0 0 1 0 0
92 2 1 1 0 0 0 0 0 0
118 5 1 1 2 0 0 0 0 0
119 10 1 1 5 0 0 0 0 0
120 16 0 0 8 0 0 0 0 0
126 10 0 0 8 0 0 0 0 0
fn=call_init.part.0
28 45 2 2 0 0 0 18 1 0
36 16 0 0 4 0 0 4 0 0
39 16 1 1 8 1 0 0 0 0
40 3 1 1 0 0 0 0 0 0
44 9 1 1 3 1 0 3 0 0
45 3 0 0 2 0 0 0 0 0
49 10 0 0 4 0 0 0 0 0
58 16 1 1 6 2 0 0 0 0
62 4 0 0 2 0 0 0 0 0
68 6 1 1 4 0 0 0 0 0
70 4 0 0 4 1 0 0 0 0
71 14 2 2 0 0 0 0 0 0
72 12 0 0 2 0 0 0 0 0
74 25 1 1 17 0 0 0 0 0
fl=/build/glibc-qeih7b/glibc-2.24/elf/dl-load.c
fn=_dl_init_paths
679 14 2 2 0 0 0 8 0 0
692 11 2 2 8 0 0 0 0 0
696 1 0 0 1 0 0 0 0 0
697 5 1 1 2 0 0 1 0 0
698 2 0 0 0 0 0 1 0 0
705 5 1 1 0 0 0 0 0 0
706 4 0 0 1 0 0 0 0 0
709 6 1 1 2 0 0 0 0 0
711 2 0 0 0 0 0 1 0 0
717 3 1 1 0 0 0 1 0 0
718 2 0 0 1 0 0 1 0 0
726 7 0 0 0 0 0 3 0 0
728 9 2 2 1 0 0 4 1 1
729 4 0 0 0 0 0 4 1 1
731 7 1 1 2 0 0 4 1 1
732 6 0 0 3 1 1 1 0 0
733 12 0 0 0 0 0 0 0 0
736 10 0 0 3 2 2 3 1 1
737 36 0 0 0 0 0 0 0 0
738 8 1 1 0 0 0 8 1 1
740 18 1 1 1 0 0 4 0 0
746 2 0 0 1 0 0 0 0 0
747 1 1 1 0 0 0 1 0 0
751 1 0 0 1 0 0 0 0 0
752 2 0 0 0 0 0 1 1 1
754 6 1 1 2 0 0 0 0 0
756 3 0 0 1 0 0 0 0 0
773 1 1 1 0 0 0 0 0 0
775 3 1 1 1 0 0 1 0 0
789 2 1 1 0 0 0 1 0 0
794 2 1 1 0 0 0 0 0 0
826 2 0 0 1 0 0 0 0 0
827 11 1 1 7 0 0 1 0 0
fn=_dl_map_object
656 10 4 4 2 0 0 0 0 0
2161 48 3 3 3 0 0 33 6 6
2163 4 0 0 0 0 0 0 0 0
2169 6 0 0 3 0 0 0 0 0
2170 12 0 0 3 1 1 0 0 0
2173 39 1 1 9 0 0 0 0 0
2178 49 1 1 7 0 0 0 0 0
2180 41 2 2 10 0 0 0 0 0
2184 24 0 0 6 0 0 0 0 0
2185 18 1 1 6 0 0 0 0 0
2188 2 0 0 2 0 0 0 0 0
2189 8 0 0 6 1 0 0 0 0
2190 10 1 1 4 0 0 0 0 0
2206 10 1 1 4 0 0 0 0 0
2216 8 1 1 4 0 0 0 0 0
2252 14 1 1 4 0 0 2 2 2
2256 5 2 2 2 0 0 0 0 0
2258 4 0 0 1 0 0 1 0 0
2265 5 1 1 2 0 0 0 0 0
2269 9 2 2 3 0 0 4 0 0
2274 3 0 0 2 0 0 0 0 0
2277 4 1 1 1 0 0 1 0 0
2289 2 1 1 1 0 0 0 0 0
2290 7 1 1 1 0 0 0 0 0
2300 5 1 1 2 0 0 0 0 0
2307 4 1 1 1 0 0 0 0 0
2330 4 2 2 1 0 0 1 0 0
2332 3 0 0 2 0 0 0 0 0
2336 3 0 0 1 0 0 0 0 0
2338 2 1 1 0 0 0 0 0 0
2342 2 0 0 0 0 0 0 0 0
2350 4 0 0 1 0 0 0 0 0
2373 13 2 2 3 0 0 4 0 0
2377 3 0 0 1 0 0 0 0 0
2378 1 1 1 0 0 0 1 0 0
2395 4 0 0 2 0 0 0 0 0
2403 9 1 1 3 0 0 0 0 0
2404 3 0 0 0 0 0 1 0 0
2408 15 2 2 3 0 0 4 0 0
2411 3 1 1 1 0 0 0 0 0
2423 2 0 0 0 0 0 0 0 0
2425 3 1 1 0 0 0 0 0 0
2469 4 0 0 4 0 0 0 0 0
2470 36 2 2 6 0 0 14 1 1
2472 39 4 4 30 0 0 0 0 0
fn=_dl_map_object_from_fd
865 40 4 4 0 0 0 26 1 1
875 12 1 1 6 0 0 2 0 0
891 41 3 2 20 0 0 4 0 0
892 22 1 1 5 0 0 0 0 0
909 4 1 1 2 0 0 0 0 0
933 8 0 0 2 0 0 2 0 0
943 10 1 1 6 0 0 0 0 0
965 8 0 0 4 0 0 0 0 0
997 4 1 1 0 0 0 2 0 0
1000 22 1 1 16 0 0 4 1 1
1001 4 0 0 0 0 0 0 0 0
1012 2 0 0 2 0 0 0 0 0
1013 4 1 1 2 0 0 2 0 0
1014 4 0 0 2 0 0 2 1 1
1016 2 0 0 0 0 0 0 0 0
1017 12 1 1 4 0 0 2 0 0
1018 6 0 0 0 0 0 0 0 0
1035 2 0 0 0 0 0 2 0 0
1037 10 0 0 0 0 0 0 0 0
1045 160 3 3 20 0 0 4 0 0
1046 204 3 3 20 1 1 0 0 0
1052 4 1 1 2 0 0 2 0 0
1053 6 0 0 2 0 0 2 0 0
1057 1 1 1 1 0 0 0 0 0
1058 2 0 0 0 0 0 1 0 0
1063 24 1 1 8 0 0 0 0 0
1068 28 1 1 8 0 0 0 0 0
1076 8 0 0 0 0 0 0 0 0
1077 8 0 0 0 0 0 4 0 0
1078 28 1 1 4 0 0 4 1 1
1079 4 0 0 0 0 0 4 1 1
1080 16 1 1 4 0 0 4 0 0
1081 4 0 0 0 0 0 0 0 0
1085 14 1 1 2 0 0 4 1 1
1086 4 0 0 0 0 0 0 0 0
1090 12 0 0 0 0 0 0 0 0
1091 24 1 1 4 0 0 0 0 0
1101 8 0 0 0 0 0 4 0 0
1104 3 1 1 1 1 1 0 0 0
1108 1 0 0 0 0 0 1 1 1
1109 1 0 0 1 0 0 0 0 0
1110 2 0 0 0 0 0 1 0 0
1113 5 1 1 1 0 0 1 0 0
1114 1 0 0 1 0 0 0 0 0
1117 1 0 0 0 0 0 1 0 0
1121 6 2 2 1 0 0 1 0 0
1127 5 0 0 2 0 0 2 0 0
1128 4 1 1 2 0 0 1 0 0
1132 14 1 1 2 0 0 4 0 0
1187 2 0 0 1 1 1 1 0 0
1188 1 0 0 1 0 0 0 0 0
1189 2 0 0 0 0 0 1 0 0
1192 4 0 0 2 0 0 0 0 0
1201 8 1 1 2 0 0 0 0 0
1211 16 0 0 4 0 0 2 0 0
1223 6 1 1 4 0 0 0 0 0
1227 2 1 1 1 0 0 0 0 0
1232 4 0 0 2 0 0 0 0 0
1238 6 0 0 2 0 0 0 0 0
1254 6 1 1 4 0 0 0 0 0
1273 6 0 0 2 0 0 2 0 0
1275 16 1 1 8 0 0 0 0 0
1329 6 0 0 4 0 0 0 0 0
1330 3 0 0 1 0 0 1 0 0
1333 8 1 1 2 0 0 0 0 0
1342 8 1 1 2 0 0 0 0 0
1344 6 0 0 4 0 0 0 0 0
1346 8 1 1 2 0 0 2 0 0
1362 6 0 0 2 0 0 0 0 0
1366 8 0 0 4 0 0 0 0 0
1367 6 1 1 2 0 0 0 0 0
1384 8 1 1 4 0 0 0 0 0
1385 2 1 1 0 0 0 1 0 0
1388 14 1 1 6 0 0 8 0 0
1393 6 1 1 4 0 0 0 0 0
1403 6 0 0 2 0 0 0 0 0
1413 8 1 1 4 0 0 0 0 0
1417 6 0 0 2 0 0 0 0 0
1437 28 2 2 20 0 0 0 0 0
fn=expand_dynamic_string_token
363 14 3 3 0 0 0 7 0 0
373 7 0 0 2 0 0 1 0 0
377 4 0 0 1 0 0 0 0 0
388 7 1 1 7 0 0 0 0 0
fn=open_verify.constprop.7
1689 40 3 3 2 0 0 22 1 1
1728 10 1 1 4 0 0 4 0 0
1759 10 1 1 4 0 0 0 0 0
1761 8 1 1 0 0 0 0 0 0
1771 6 0 0 2 0 0 4 0 0
1772 10 1 1 2 0 0 6 1 1
1777 16 1 1 6 0 0 0 0 0
1779 4 0 0 2 0 0 0 0 0
1781 2 0 0 0 0 0 0 0 0
1783 6 0 0 0 0 0 2 0 0
1789 6 1 1 2 0 0 0 0 0
1799 4 2 1 2 0 0 0 0 0
1805 40 2 2 14 0 0 2 0 0
1879 8 1 1 2 0 0 0 0 0
1886 10 2 2 2 0 0 0 0 0
1892 4 0 0 2 0 0 0 0 0
1903 8 1 1 2 0 0 0 0 0
1909 4 0 0 2 0 0 0 0 0
1910 10 0 0 4 0 0 0 0 0
1911 2 1 1 0 0 0 0 0 0
1925 18 1 1 6 0 0 4 0 0
1931 91 0 0 4 0 0 0 0 0
1933 88 3 3 22 11 11 0 0 0
1937 18 0 0 9 0 0 0 0 0
1938 2 1 1 0 0 0 0 0 0
1941 8 2 2 0 0 0 0 0 0
1942 12 0 0 2 0 0 2 0 0
1943 14 0 0 4 0 0 0 0 0
1947 29 2 2 11 0 0 2 0 0
1950 2 0 0 0 0 0 0 0 0
1951 8 1 1 2 0 0 0 0 0
1952 8 0 0 2 0 0 0 0 0
1954 8 0 0 0 0 0 0 0 0
1963 2 0 0 0 0 0 0 0 0
1966 2 0 0 1 0 0 0 0 0
1967 4 1 1 1 0 0 0 0 0
1968 1 0 0 1 0 0 0 0 0
1969 3 1 1 2 0 0 0 0 0
1970 6 0 0 2 0 0 0 0 0
1998 28 1 1 20 0 0 0 0 0
fl=/build/glibc-qeih7b/glibc-2.24/elf/dl-lookup.c
fn=_dl_lookup_symbol_x
572 6606 1 1 1737 134 121 0 0 0
573 3132 1 1 0 0 0 0 0 0
810 2394 3 3 114 0 0 1368 5 4
812 228 0 0 0 0 0 114 0 0
813 228 0 0 0 0 0 228 3 1
816 570 1 1 228 2 1 114 0 0
820 738 1 1 204 0 0 114 0 0
824 684 1 1 228 0 0 228 0 0
825 228 0 0 114 4 1 0 0 0
827 114 0 0 114 0 0 0 0 0
831 600 1 1 124 4 1 114 0 0
833 1938 2 2 570 0 0 912 5 2
836 228 0 0 114 0 0 0 0 0
839 20 1 1 0 0 0 0 0 0
862 342 1 1 114 0 0 0 0 0
864 70 1 1 20 0 0 0 0 0
879 10 1 1 0 0 0 10 0 0
880 20 0 0 0 0 0 0 0 0
883 104 0 0 104 0 0 0 0 0
884 728 1 1 312 0 0 0 0 0
915 104 0 0 0 0 0 0 0 0
924 624 1 1 208 0 0 0 0 0
938 312 0 0 104 3 1 0 0 0
939 2 1 1 0 0 0 1 0 0
941 624 1 1 312 0 0 0 0 0
946 104 0 0 0 0 0 104 0 0
948 1596 2 2 1140 0 0 0 0 0
fn=_dl_setup_hash
956 12 1 1 0 0 0 0 0 0
959 12 0 0 4 0 0 0 0 0
984 12 2 2 4 0 0 0 0 0
986 12 0 0 8 0 0 0 0 0
988 8 1 1 4 4 4 4 0 0
990 4 0 0 0 0 0 0 0 0
991 4 0 0 0 0 0 4 0 0
992 8 0 0 0 0 0 0 0 0
993 8 0 0 0 0 0 4 0 0
fn=check_match
92 8125 2 2 1875 212 145 3750 8 2
95 4166 2 2 1344 81 63 0 0 0
99 1 0 0 0 0 0 0 0 0
107 2811 1 1 0 0 0 0 0 0
110 2946 1 1 1240 1 1 0 0 0
115 208 0 0 104 2 1 0 0 0
117 204 0 0 102 0 0 0 0 0
136 306 1 1 102 11 10 0 0 0
137 816 1 1 408 4 1 0 0 0
138 714 1 1 306 0 0 0 0 0
165 4 0 0 2 0 0 0 0 0
167 14 1 1 2 2 2 0 0 0
168 6 0 0 0 0 0 0 0 0
171 2 0 0 1 0 0 0 0 0
172 5 0 0 2 0 0 1 0 0
174 2 0 0 1 0 0 1 0 0
176 408 1 1 0 0 0 0 0 0
183 4387 5 5 3023 0 0 0 0 0
fn=do_lookup_x
355 2280 3 3 342 0 0 1482 9 3
361 228 1 1 228 0 0 0 0 0
366 714 1 1 714 10 4 0 0 0
369 714 0 0 0 0 0 0 0 0
373 1284 0 0 471 7 3 114 0 0
377 1071 1 1 0 0 0 0 0 0
381 1785 1 1 714 4 2 0 0 0
382 342 0 0 114 0 0 114 0 0
383 1140 2 2 114 0 0 228 0 0
387 1071 0 0 357 4 2 0 0 0
391 357 0 0 0 0 0 357 0 0
392 357 0 0 0 0 0 357 0 0
395 1428 1 1 1071 17 4 0 0 0
396 1071 0 0 714 1 1 0 0 0
399 357 0 0 357 0 0 0 0 0
400 714 0 0 0 0 0 0 0 0
403 456 0 0 114 0 0 114 0 0
427 1350 2 2 1350 0 0 0 0 0
438 2757 2 2 714 0 0 0 0 0
439 570 1 1 114 0 0 114 0 0
444 7421 3 3 1370 119 82 1968 0 0
446 2088 0 0 1044 148 116 0 0 0
448 8750 1 1 2500 0 0 4375 2 1
449 625 1 1 0 0 0 0 0 0
452 1250 1 1 625 0 0 0 0 0
461 900 0 0 450 0 0 0 0 0
463 2 0 0 0 0 0 0 0 0
520 312 0 0 103 0 0 0 0 0
523 1149 2 2 104 0 0 0 0 0
527 48 1 1 32 1 0 0 0 0
539 208 1 1 104 0 0 104 0 0
540 312 1 1 104 0 0 104 0 0
541 104 0 0 0 0 0 0 0 0
557 1392 2 2 675 2 1 0 0 0
558 258 0 0 86 0 0 43 0 0
561 1012 1 1 0 0 0 0 0 0
564 10 0 0 0 0 0 0 0 0
565 1368 3 3 1140 0 0 0 0 0
fl=/build/glibc-qeih7b/glibc-2.24/elf/dl-minimal.c
fn=__libc_memalign
52 209 2 2 0 0 0 133 9 9
53 112 1 1 93 0 0 0 0 0
58 4 1 1 2 0 0 1 0 0
59 3 0 0 1 0 0 0 0 0
60 2 0 0 0 0 0 0 0 0
64 38 0 0 0 0 0 0 0 0
65 38 1 1 0 0 0 0 0 0
67 148 0 0 18 0 0 19 0 0
72 6 1 1 2 0 0 0 0 0
73 2 1 1 0 0 0 0 0 0
76 11 1 1 2 0 0 2 0 0
78 2 0 0 0 0 0 0 0 0
80 4 1 1 2 0 0 0 0 0
82 3 0 0 0 0 0 1 0 0
85 20 0 0 1 0 0 19 0 0
86 19 0 0 0 0 0 19 0 0
88 152 1 1 114 0 0 0 0 0
fn=__sigjmp_save
149 3 1 1 0 0 0 3 0 0
151 6 0 0 0 0 0 0 0 0
fn=calloc
101 24 1 1 0 0 0 0 0 0
108 40 1 1 0 0 0 0 0 0
112 24 0 0 8 0 0 0 0 0
fn=malloc
92 54 1 1 0 0 0 0 0 0
93 72 0 0 18 0 0 0 0 0
fl=/build/glibc-qeih7b/glibc-2.24/elf/dl-misc.c
fn=_dl_name_match_p
288 570 4 3 0 0 0 228 5 5
289 285 0 0 171 1 0 0 0 0
290 3 0 0 0 0 0 0 0 0
292 57 0 0 57 0 0 0 0 0
294 230 1 1 115 0 0 0 0 0
295 305 1 1 122 6 2 0 0 0
298 58 0 0 58 0 0 0 0 0
300 54 0 0 0 0 0 0 0 0
301 285 1 1 171 0 0 0 0 0
fn=_dl_sysdep_read_whole_file
45 10 2 2 0 0 0 4 2 2
52 4 0 0 1 0 0 1 0 0
53 2 0 0 1 0 0 0 0 0
55 8 1 1 2 0 0 0 0 0
57 1 1 1 1 1 1 0 0 0
60 2 0 0 0 0 0 1 0 0
62 10 2 2 2 0 0 2 0 0
73 3 0 0 1 0 0 0 0 0
76 7 1 1 4 0 0 0 0 0
fl=/build/glibc-qeih7b/glibc-2.24/elf/dl-object.c
fn=_dl_add_to_namespace_list
32 30 2 2 0 0 0 15 0 0
34 15 0 0 6 0 0 0 0 0
36 18 1 1 6 0 0 0 0 0
39 15 0 0 5 0 0 0 0 0
41 2 0 0 0 0 0 2 0 0
43 2 0 0 0 0 0 2 0 0
46 5 0 0 0 0 0 1 0 0
47 17 2 2 3 0 0 3 0 0
48 12 1 1 6 1 1 6 0 0
49 15 0 0 0 0 0 6 0 0
51 12 0 0 3 0 0 0 0 0
52 12 0 0 12 0 0 0 0 0
fn=_dl_new_object
61 57 4 4 0 0 0 33 6 6
62 18 0 0 6 0 0 3 0 0
68 21 2 2 9 0 0 0 0 0
69 15 1 1 0 0 0 0 0 0
75 21 1 1 6 0 0 3 0 0
78 6 0 0 0 0 0 0 0 0
81 3 1 1 0 0 0 3 2 2
82 12 0 0 3 0 0 3 3 3
86 3 0 0 0 0 0 0 0 0
87 24 0 0 6 0 0 6 3 3
89 6 1 1 0 0 0 3 0 0
97 12 0 0 3 0 0 3 0 0
98 6 0 0 3 3 3 0 0 0
101 12 1 1 3 0 0 3 0 0
102 8 0 0 2 0 0 3 3 3
103 3 0 0 0 0 0 3 2 2
105 3 0 0 0 0 0 0 0 0
107 6 1 1 3 0 0 3 0 0
110 56 1 1 0 0 0 3 3 3
112 16 0 0 0 0 0 16 4 4
122 6 0 0 0 0 0 3 3 3
123 6 1 1 0 0 0 3 0 0
128 24 0 0 9 0 0 0 0 0
130 4 1 1 0 0 0 0 0 0
133 10 3 3 0 0 0 2 2 2
137 6 0 0 2 0 0 0 0 0
141 10 0 0 2 0 0 0 0 0
149 2 1 1 0 0 0 1 1 1
152 3 0 0 0 0 0 0 0 0
155 6 0 0 0 0 0 3 0 0
157 12 1 1 4 0 0 0 0 0
161 6 0 0 0 0 0 2 0 0
165 8 1 1 4 0 0 0 0 0
166 8 0 0 0 0 0 0 0 0
217 133 1 1 43 0 0 0 0 0
222 4 0 0 0 0 0 2 0 0
225 4 0 0 0 0 0 2 0 0
229 39 2 2 30 0 0 0 0 0
fl=/build/glibc-qeih7b/glibc-2.24/elf/dl-open.c
fn=_dl_find_dso_for_object
178 6 2 2 0 0 0 2 0 0
182 5 0 0 3 1 0 0 0 0
183 9 2 2 3 0 0 0 0 0
184 24 1 1 6 0 0 0 0 0
185 5 1 1 1 0 0 0 0 0
188 3 1 1 2 0 0 0 0 0
192 2 0 0 0 0 0 0 0 0
759 1 1 1 0 0 0 0 0 0
760 1 0 0 0 0 0 0 0 0
fl=/build/glibc-qeih7b/glibc-2.24/elf/dl-reloc.c
fn=_dl_protect_relro
313 12 1 1 0 0 0 4 0 0
314 14 2 2 8 1 0 0 0 0
317 6 0 0 2 0 0 0 0 0
321 4 0 0 0 0 0 2 0 0
322 16 1 1 4 0 0 0 0 0
328 8 0 0 4 0 0 0 0 0
fn=_dl_relocate_object
149 76 3 3 0 0 0 52 0 0
159 4 0 0 0 0 0 0 0 0
164 12 1 1 0 0 0 4 0 0
165 20 0 0 8 1 0 4 0 0
171 20 1 1 8 0 0 0 0 0
177 8 0 0 0 0 0 0 0 0
178 4 0 0 4 3 0 0 0 0
179 16 1 1 4 0 0 4 0 0
181 24 1 1 8 0 0 4 0 0
188 12 0 0 4 2 0 4 0 0
208 16 2 2 12 0 0 0 0 0
232 20 1 1 12 0 0 4 0 0
259 200 7 7 64 8 0 64 1 0
262 8 0 0 0 0 0 0 0 0
286 16 1 1 4 0 0 4 0 0
289 12 0 0 8 1 0 0 0 0
306 12 0 0 8 4 0 0 0 0
307 4 1 1 0 0 0 0 0 0
308 52 0 0 40 0 0 0 0 0
fl=/build/glibc-qeih7b/glibc-2.24/elf/dl-tls.c
fn=_dl_add_to_slotinfo
890 12 2 2 0 0 0 7 0 0
896 1 1 1 1 0 0 0 0 0
899 3 0 0 2 2 0 0 0 0
904 4 1 1 2 0 0 0 0 0
945 1 0 0 0 0 0 1 1 0
946 5 0 0 1 0 0 1 0 0
947 7 1 1 5 0 0 0 0 0
fn=_dl_allocate_tls_init
449 15 3 3 0 0 0 11 0 0
450 2 0 0 0 0 0 1 0 0
454 2 0 0 1 1 0 1 0 0
456 1 0 0 0 0 0 1 0 0
457 1 0 0 0 0 0 0 0 0
460 6 1 1 4 0 0 0 0 0
472 1 0 0 1 0 0 0 0 0
477 10 1 1 2 0 0 0 0 0
483 13 2 2 2 0 0 0 0 0
486 1 0 0 1 0 0 0 0 0
487 2 1 1 0 0 0 0 0 0
493 5 0 0 3 0 0 0 0 0
494 2 1 1 0 0 0 0 0 0
496 6 0 0 2 0 0 1 0 0
497 1 0 0 0 0 0 1 0 0
499 3 0 0 0 0 0 0 0 0
500 2 1 1 1 0 0 0 0 0
503 2 0 0 0 0 0 0 0 0
504 5 1 1 3 0 0 0 0 0
515 9 1 1 5 1 0 0 0 0
529 2 0 0 1 0 0 1 0 0
532 13 2 2 11 0 0 0 0 0
fn=_dl_allocate_tls_storage
354 9 2 2 0 0 0 5 0 0
356 2 0 0 2 0 0 0 0 0
362 3 0 0 1 0 0 0 0 0
363 2 0 0 0 0 0 0 0 0
367 3 1 1 1 0 0 0 0 0
368 3 1 1 1 0 0 0 0 0
381 3 0 0 1 0 0 0 0 0
386 6 1 1 2 0 0 0 0 0
390 4 0 0 1 0 0 0 0 0
391 2 1 1 1 0 0 0 0 0
396 6 0 0 4 0 0 0 0 0
fn=_dl_count_modids
110 3 1 1 0 0 0 0 0 0
115 4 0 0 2 0 0 0 0 0
116 2 1 1 1 0 0 0 0 0
fn=_dl_determine_tlsoffset
138 6 2 2 0 0 0 2 0 0
144 4 0 0 2 0 0 0 0 0
147 3 1 1 1 0 0 0 0 0
230 10 0 0 2 1 1 0 0 0
232 9 1 1 1 0 0 0 0 0
234 2 0 0 1 0 0 0 0 0
235 2 2 2 1 0 0 0 0 0
237 2 0 0 0 0 0 0 0 0
239 6 0 0 1 0 0 0 0 0
253 6 1 1 0 0 0 0 0 0
254 2 0 0 0 0 0 0 0 0
255 2 1 1 0 0 0 0 0 0
257 2 0 0 0 0 0 1 0 0
258 3 1 1 0 0 0 0 0 0
264 1 0 0 0 0 0 0 0 0
267 1 1 1 0 0 0 1 0 0
268 1 0 0 0 0 0 1 0 0
275 1 0 0 0 0 0 1 0 0
276 3 0 0 1 0 0 0 0 0
fn=_dl_next_tls_modid
49 6 2 2 0 0 0 2 1 1
52 6 0 0 3 0 0 0 0 0
100 1 1 1 0 0 0 1 0 0
104 3 0 0 1 0 0 0 0 0
fn=allocate_dtv
314 9 2 2 0 0 0 4 0 0
321 2 1 1 2 0 0 0 0 0
322 5 0 0 1 0 0 0 0 0
323 2 0 0 0 0 0 0 0 0
326 2 0 0 0 0 0 1 1 1
332 1 1 1 0 0 0 1 0 0
338 5 0 0 3 0 0 0 0 0
fl=/build/glibc-qeih7b/glibc-2.24/elf/dl-version.c
fn=_dl_check_all_versions
380 11 2 2 0 0 0 7 0 0
384 16 0 0 4 0 0 1 0 0
385 10 1 1 4 0 0 0 0 0
386 35 2 2 1 0 0 0 0 0
389 10 1 1 7 0 0 0 0 0
fn=_dl_check_map_versions
56 28 1 1 6 0 0 2 0 0
57 5 0 0 5 0 0 0 0 0
58 42 1 1 14 0 0 0 0 0
174 60 3 3 0 0 0 40 0 0
175 2 0 0 0 0 0 0 0 0
189 12 0 0 4 0 0 4 1 1
190 1 0 0 0 0 0 0 0 0
191 20 0 0 8 0 0 0 0 0
193 8 0 0 4 0 0 4 0 0
194 8 1 1 4 0 0 4 0 0
196 8 0 0 0 0 0 4 0 0
199 6 1 1 2 0 0 2 0 0
203 10 0 0 4 2 2 0 0 0
220 14 1 1 8 0 0 2 0 0
228 6 0 0 4 0 0 0 0 0
233 6 0 0 2 0 0 0 0 0
237 112 5 5 58 3 3 19 0 0
244 15 0 0 5 0 0 0 0 0
247 15 1 1 5 0 0 0 0 0
252 3 0 0 0 0 0 0 0 0
256 8 0 0 4 0 0 0 0 0
270 13 3 3 5 0 0 0 0 0
273 7 1 1 3 0 0 0 0 0
276 117 0 0 39 6 6 0 0 0
279 117 0 0 39 1 1 0 0 0
283 37 0 0 0 0 0 0 0 0
287 6 1 1 3 0 0 0 0 0
293 15 1 1 3 0 0 0 0 0
294 6 1 1 0 0 0 3 0 0
302 3 0 0 0 0 0 3 0 0
305 15 0 0 9 1 0 3 0 0
307 9 1 1 3 0 0 0 0 0
310 4 0 0 2 0 0 0 0 0
314 6 0 0 2 0 0 0 0 0
317 5 1 1 5 0 0 0 0 0
319 20 0 0 0 0 0 0 0 0
321 15 1 1 5 0 0 5 3 3
322 10 0 0 0 0 0 5 0 0
323 15 0 0 5 0 0 5 0 0
324 15 0 0 5 0 0 5 0 0
327 17 1 1 5 0 0 0 0 0
335 6 0 0 2 0 0 0 0 0
345 9 1 1 3 0 0 0 0 0
348 4 0 0 2 0 0 0 0 0
352 37 1 1 37 0 0 0 0 0
354 156 0 0 39 0 0 0 0 0
358 37 0 0 37 0 0 0 0 0
359 185 0 0 37 0 0 37 19 19
360 148 0 0 37 0 0 37 0 0
361 37 0 0 0 0 0 37 0 0
364 119 1 1 39 0 0 0 0 0
374 56 4 4 40 0 0 0 0 0
fn=match_symbol
76 100 3 3 5 0 0 55 1 1
77 15 0 0 15 0 0 0 0 0
85 25 1 1 10 0 0 0 0 0
91 15 1 1 5 0 0 0 0 0
103 5 0 0 0 0 0 0 0 0
106 5 0 0 5 1 0 0 0 0
107 10 0 0 0 0 0 0 0 0
109 10 0 0 5 0 0 0 0 0
114 123 1 1 41 18 18 0 0 0
128 123 0 0 82 8 7 0 0 0
133 40 1 1 15 2 2 0 0 0
140 108 1 1 36 8 8 0 0 0
168 65 2 2 50 0 0 0 0 0
fl=/build/glibc-qeih7b/glibc-2.24/elf/do-rel.h
fn=_dl_relocate_object
46 8 0 0 0 0 0 0 0 0
47 8 0 0 0 0 0 0 0 0
58 16 0 0 0 0 0 0 0 0
84 40 2 2 32 0 0 0 0 0
86 56 2 2 16 0 0 0 0 0
118 48 0 0 16 1 0 0 0 0
122 12 0 0 12 0 0 0 0 0
124 5201 4 4 6 0 0 0 0 0
136 6445 0 0 2578 323 320 0 0 0
137 2578 0 0 0 0 0 0 0 0
138 3867 0 0 1289 0 0 0 0 0
139 3867 1 1 1289 1 0 1289 0 0
160 32 4 4 3 0 0 2 0 0
170 16 1 1 4 2 1 0 0 0
171 8 0 0 4 0 0 0 0 0
fn=_dl_start
84 1 1 1 1 0 0 0 0 0
116 5 1 1 1 0 0 0 0 0
124 52 3 3 13 0 0 0 0 0
136 22 0 0 11 3 3 0 0 0
137 11 0 0 0 0 0 0 0 0
139 22 0 0 11 1 1 0 0 0
fl=/build/glibc-qeih7b/glibc-2.24/elf/get-dynamic-info.h
fn=_dl_map_object_from_fd
39 4 1 1 0 0 0 2 0 0
45 156 0 0 52 15 15 0 0 0
47 150 2 2 0 0 0 0 0 0
49 62 1 1 0 0 0 0 0 0
57 152 0 0 0 0 0 44 13 13
60 22 0 0 0 0 0 0 0 0
61 32 1 1 0 0 0 6 3 3
65 2 0 0 0 0 0 0 0 0
68 2 0 0 0 0 0 0 0 0
70 2 0 0 0 0 0 0 0 0
71 50 0 0 0 0 0 0 0 0
116 6 2 2 2 0 0 0 0 0
128 6 1 1 2 0 0 0 0 0
132 6 0 0 2 0 0 0 0 0
133 8 1 1 6 0 0 0 0 0
145 6 0 0 2 0 0 0 0 0
150 1 0 0 1 0 0 0 0 0
152 3 1 1 0 0 0 1 1 1
154 3 0 0 0 0 0 0 0 0
156 3 0 0 0 0 0 0 0 0
159 6 1 1 2 0 0 0 0 0
161 2 0 0 1 0 0 1 0 0
169 4 1 1 1 0 0 0 0 0
174 3 0 0 0 0 0 0 0 0
177 6 1 1 2 0 0 0 0 0
fn=_dl_start
45 63 1 1 21 6 6 0 0 0
47 58 1 1 0 0 0 0 0 0
48 1 0 0 0 0 0 0 0 0
49 31 1 1 0 0 0 0 0 0
57 61 0 0 0 0 0 17 0 0
60 11 0 0 0 0 0 0 0 0
61 13 1 1 0 0 0 3 0 0
65 1 0 0 0 0 0 0 0 0
68 1 0 0 0 0 0 0 0 0
70 1 1 1 0 0 0 0 0 0
71 20 0 0 0 0 0 0 0 0
116 3 0 0 1 0 0 0 0 0
128 3 1 1 2 0 0 0 0 0
132 3 1 1 2 0 0 0 0 0
133 4 1 1 2 1 1 0 0 0
137 3 0 0 1 0 0 0 0 0
139 3 1 1 1 0 0 0 0 0
142 3 1 1 2 0 0 0 0 0
143 2 0 0 0 0 0 0 0 0
fn=dl_main
30 1 0 0 1 0 0 0 0 0
39 2 0 0 1 0 0 0 0 0
45 90 1 1 30 9 9 0 0 0
47 84 1 1 0 0 0 0 0 0
49 37 1 1 0 0 0 0 0 0
57 86 0 0 0 0 0 25 8 8
60 14 0 0 0 0 0 0 0 0
61 17 1 1 0 0 0 4 2 2
65 1 0 0 0 0 0 0 0 0
68 1 0 0 0 0 0 0 0 0
70 1 1 1 0 0 0 0 0 0
71 29 0 0 0 0 0 0 0 0
116 3 0 0 1 0 0 0 0 0
128 3 1 1 1 0 0 0 0 0
132 3 1 1 1 0 0 0 0 0
133 4 1 1 2 0 0 0 0 0
145 3 0 0 1 0 0 0 0 0
159 3 1 1 1 0 0 0 0 0
161 1 0 0 1 0 0 0 0 0
169 4 1 1 1 0 0 1 0 0
174 3 0 0 0 0 0 0 0 0
177 3 1 1 2 0 0 0 0 0
fl=/build/glibc-qeih7b/glibc-2.24/elf/rtld.c
fn=_dl_initial_error_catch_tsd
752 12 1 1 0 0 0 0 0 0
754 4 0 0 4 0 0 0 0 0
755 8 0 0 0 0 0 0 0 0
fn=_dl_start
443 2 1 1 0 0 0 1 1 1
444 17 3 3 0 0 0 10 3 3
477 260 0 0 0 0 0 0 0 0
480 260 0 0 0 0 0 130 17 17
485 1 0 0 0 0 0 1 1 1
488 3 0 0 1 0 0 1 0 0
496 1184 11 11 380 26 26 176 1 1
499 2 0 0 1 0 0 0 0 0
504 20 5 5 7 0 0 0 0 0
506 3 2 2 1 1 1 0 0 0
522 6 0 0 1 0 0 1 0 0
531 11 2 1 9 2 0 0 0 0
fn=_dl_start_final
370 11 2 2 0 0 0 5 1 1
386 3 1 1 2 0 0 1 1 1
387 2 0 0 1 0 0 1 0 0
388 359 2 2 130 0 0 130 17 17
390 6 1 1 3 1 1 3 2 2
391 3 1 1 1 1 1 0 0 0
393 5 0 0 2 0 0 1 0 0
394 2 0 0 0 0 0 1 0 0
395 2 0 0 1 0 0 1 1 1
396 2 0 0 1 0 0 1 0 0
397 2 0 0 1 0 0 1 0 0
401 2 1 1 0 0 0 1 1 1
408 1 0 0 1 0 0 0 0 0
414 7 2 1 3 1 0 1 1 1
430 5 1 1 3 1 0 0 0 0
440 7 1 1 4 1 0 0 0 0
fn=dl_main
881 20 3 3 0 0 0 14 2 2
890 1 0 0 0 0 0 0 0 0
896 1 0 0 0 0 0 1 0 0
900 3 0 0 2 0 0 1 0 0
903 2 1 1 1 0 0 1 1 1
907 3 0 0 1 0 0 1 1 1
908 3 1 1 1 0 0 1 0 0
913 1 0 0 1 0 0 0 0 0
923 4 1 1 3 0 0 0 0 0
1124 11 2 2 2 0 0 3 1 1
1126 2 0 0 0 0 0 0 0 0
1127 1 0 0 0 0 0 1 0 0
1128 2 1 1 1 0 0 1 0 0
1129 2 0 0 2 0 0 0 0 0
1133 5 1 1 1 0 0 1 0 0
1134 3 0 0 2 0 0 0 0 0
1155 1 0 0 0 0 0 1 0 0
1156 1 1 1 0 0 0 1 0 0
1158 2 0 0 0 0 0 1 0 0
1160 2 0 0 1 0 0 0 0 0
1163 46 0 0 1 0 0 1 0 0
1164 101 2 2 10 8 8 0 0 0
1168 2 1 1 1 0 0 0 0 0
1169 2 1 1 0 0 0 1 0 0
1173 3 1 1 2 0 0 0 0 0
1174 2 0 0 0 0 0 1 0 0
1182 1 0 0 1 0 0 0 0 0
1183 3 2 2 2 0 0 0 0 0
1185 2 0 0 0 0 0 1 0 0
1192 3 0 0 1 0 0 1 1 1
1204 1 0 0 1 0 0 0 0 0
1206 1 0 0 0 0 0 0 0 0
1210 2 0 0 0 0 0 0 0 0
1218 4 0 0 2 0 0 0 0 0
1219 11 5 5 3 0 0 0 0 0
1220 8 0 0 2 0 0 0 0 0
1221 1 0 0 0 0 0 1 0 0
1224 6 1 1 2 2 2 0 0 0
1225 6 0 0 0 0 0 0 0 0
1226 4 0 0 0 0 0 2 0 0
1227 10 0 0 2 0 0 0 0 0
1228 3 0 0 0 0 0 1 0 0
1250 1 0 0 0 0 0 0 0 0
1266 3 2 2 1 0 0 0 0 0
1269 2 0 0 0 0 0 0 0 0
1271 2 1 1 0 0 0 0 0 0
1273 3 0 0 1 0 0 0 0 0
1286 3 0 0 2 0 0 0 0 0
1287 12 2 2 7 0 0 0 0 0
1292 2 0 0 1 0 0 1 1 1
1294 2 1 1 0 0 0 1 0 0
1295 2 0 0 0 0 0 1 0 0
1297 3 0 0 2 0 0 0 0 0
1298 1 0 0 0 0 0 1 0 0
1302 4 1 1 2 0 0 0 0 0
1304 2 0 0 1 0 0 0 0 0
1309 3 0 0 1 0 0 0 0 0
1312 4 1 1 1 0 0 0 0 0
1328 6 1 1 1 0 0 2 0 0
1334 14 3 3 4 0 0 1 0 0
1339 5 2 2 3 0 0 0 0 0
1342 9 1 1 3 0 0 2 1 1
1349 3 0 0 1 0 0 1 0 0
1352 3 1 1 2 0 0 1 0 0
1353 4 0 0 1 0 0 1 0 0
1354 2 1 1 1 0 0 1 0 0
1355 1 0 0 0 0 0 1 0 0
1356 3 1 1 1 0 0 1 0 0
1357 6 0 0 2 0 0 1 0 0
1362 4 0 0 1 1 1 1 0 0
1363 4 1 1 1 0 0 1 0 0
1380 5 0 0 3 1 1 0 0 0
1381 4 1 1 1 0 0 0 0 0
1383 3 0 0 1 1 1 0 0 0
1385 2 0 0 0 0 0 1 0 0
1386 2 1 1 1 0 0 1 1 1
1391 4 0 0 0 0 0 0 0 0
1392 11 1 1 2 2 2 0 0 0
1394 2 0 0 1 0 0 1 0 0
1395 2 0 0 1 0 0 1 0 0
1400 3 1 1 2 0 0 0 0 0
1405 2 1 1 0 0 0 1 0 0
1406 3 1 1 2 0 0 0 0 0
1407 3 0 0 2 0 0 0 0 0
1586 4 0 0 2 0 0 1 0 0
1591 7 1 1 3 0 0 2 1 1
1592 6 1 1 3 0 0 0 0 0
1606 2 1 1 0 0 0 1 0 0
1607 3 1 1 1 0 0 1 0 0
1612 3 0 0 2 0 0 0 0 0
1627 4 0 0 3 0 0 0 0 0
1631 3 1 1 1 0 0 0 0 0
1634 5 0 0 2 0 0 0 0 0
1647 8 1 1 3 0 0 1 0 0
1724 4 1 1 2 0 0 0 0 0
1728 7 2 2 0 0 0 0 0 0
1729 1 0 0 0 0 0 0 0 0
1732 2 0 0 0 0 0 1 0 0
1733 1 1 1 1 0 0 0 0 0
1734 2 0 0 0 0 0 0 0 0
1735 2 0 0 1 0 0 0 0 0
1742 8 1 1 1 0 0 1 0 0
1748 13 2 2 3 0 0 4 0 0
1749 18 0 0 8 0 0 0 0 0
1752 3 0 0 2 0 0 1 0 0
1753 3 0 0 1 0 0 0 0 0
1754 1 1 1 0 0 0 1 0 0
1756 10 0 0 1 0 0 0 0 0
1757 13 2 2 5 0 0 0 0 0
1767 3 1 1 0 0 0 1 0 0
1769 2 1 1 1 0 0 0 0 0
1770 3 1 1 1 0 0 1 0 0
1772 2 0 0 0 0 0 1 0 0
1774 3 0 0 0 0 0 0 0 0
1776 3 1 1 2 0 0 0 0 0
1790 2 1 1 1 0 0 0 0 0
1791 2 0 0 1 0 0 1 0 0
1792 3 0 0 1 0 0 0 0 0
1803 2 0 0 1 0 0 0 0 0
1804 1 1 1 0 0 0 1 0 0
1805 12 2 2 4 0 0 3 0 0
1815 5 0 0 2 0 0 2 0 0
1816 3 1 1 2 0 0 0 0 0
1817 6 1 1 2 0 0 1 0 0
1819 3 0 0 2 0 0 0 0 0
1822 4 0 0 1 0 0 0 0 0
1824 3 1 1 1 0 0 0 0 0
2054 3 0 0 1 1 1 0 0 0
2110 2 1 1 0 0 0 1 1 1
2114 4 0 0 2 0 0 2 0 0
2118 1 1 1 1 0 0 0 0 0
2121 5 2 2 1 0 0 1 0 0
2175 2 0 0 1 0 0 0 0 0
2182 2 0 0 1 0 0 0 0 0
2185 1 0 0 1 0 0 0 0 0
2186 10 0 0 0 0 0 1 0 0
2188 12 1 1 8 0 0 0 0 0
2193 8 0 0 8 1 0 0 0 0
2195 10 0 0 0 0 0 0 0 0
2197 2 1 1 0 0 0 1 0 0
2198 1 1 1 1 0 0 0 0 0
2201 12 1 1 4 0 0 4 0 0
2203 12 0 0 4 0 0 0 0 0
2204 24 1 1 13 2 0 1 0 0
2208 21 2 2 10 2 0 0 0 0
2209 9 0 0 2 0 0 1 0 0
2219 3 0 0 1 1 0 0 0 0
2224 6 2 2 3 2 0 0 0 0
2226 3 0 0 1 0 0 1 0 0
2231 4 1 1 2 0 0 0 0 0
2234 4 0 0 3 0 0 0 0 0
2243 4 1 1 3 1 0 0 0 0
2245 5 1 1 2 0 0 0 0 0
2262 3 1 1 1 0 0 1 0 0
2263 6 0 0 3 0 0 0 0 0
2274 3 0 0 1 0 0 0 0 0
2278 3 1 1 1 0 0 0 0 0
2298 4 0 0 1 0 0 0 0 0
2300 4 1 1 2 0 0 1 0 0
2305 3 0 0 1 0 0 0 0 0
2310 13 2 2 10 2 0 0 0 0
2476 3 1 1 2 0 0 1 1 1
2478 2 0 0 0 0 0 2 1 1
2479 3 0 0 1 0 0 1 1 1
2483 9 2 2 4 0 0 2 0 0
2485 12 0 0 6 0 0 0 0 0
2489 42 2 2 8 1 1 0 0 0
2498 13 1 1 3 1 1 1 0 0
2510 3 1 1 1 0 0 1 0 0
2519 9 2 2 3 0 0 0 0 0
2526 8 2 2 2 0 0 0 0 0
2528 4 1 1 1 0 0 1 1 1
2609 2 0 0 1 0 0 1 0 0
2616 3 0 0 1 0 0 1 0 0
2627 1 0 0 1 0 0 0 0 0
2646 3 1 1 2 0 0 0 0 0
2676 3 1 1 2 0 0 0 0 0
fn=do_preload
761 12 2 2 0 0 0 6 0 0
763 1 1 1 0 0 0 1 0 0
767 1 0 0 0 0 0 1 0 0
768 1 1 1 0 0 0 1 0 0
769 2 0 0 0 0 0 1 0 0
771 1 0 0 1 0 0 0 0 0
773 10 0 0 3 0 0 1 0 0
774 3 0 0 2 0 0 0 0 0
782 3 1 1 1 0 0 0 0 0
788 7 1 1 5 0 0 0 0 0
fn=dso_name_valid_for_suid
120 7 2 2 0 0 0 3 0 0
121 4 1 1 2 0 0 0 0 0
129 2 0 0 1 0 0 0 0 0
130 4 0 0 2 0 0 0 0 0
fn=handle_ld_preload
848 18 3 3 0 0 0 11 1 1
849 1 0 0 0 0 0 0 0 0
853 6 0 0 3 0 0 0 0 0
856 8 1 1 2 0 0 0 0 0
857 4 1 1 1 0 0 0 0 0
859 7 1 1 1 0 0 1 0 0
860 1 0 0 0 0 0 0 0 0
866 1 0 0 0 0 0 0 0 0
867 1 0 0 1 0 0 0 0 0
868 1 0 0 0 0 0 0 0 0
870 8 1 1 2 0 0 0 0 0
871 11 2 2 3 0 0 0 0 0
874 13 1 1 10 0 0 0 0 0
fn=init_tls
680 10 2 2 0 0 0 6 0 0
682 2 0 0 2 0 0 0 0 0
686 3 0 0 1 0 0 1 0 0
692 1 0 0 0 0 0 0 0 0
695 1 1 1 0 0 0 1 0 0
696 6 1 1 2 0 0 0 0 0
701 1 0 0 0 0 0 0 0 0
702 1 0 0 0 0 0 1 0 0
707 3 0 0 1 0 0 1 0 0
708 2 0 0 0 0 0 0 0 0
709 11 2 2 1 0 0 0 0 0
710 8 1 1 4 0 0 0 0 0
711 12 0 0 4 0 0 0 0 0
715 3 0 0 0 0 0 1 0 0
719 2 0 0 1 0 0 0 0 0
722 3 1 1 1 0 0 0 0 0
729 4 1 1 2 0 0 0 0 0
730 2 0 0 0 0 0 0 0 0
736 2 1 1 1 0 0 1 0 0
739 5 1 1 1 0 0 0 0 0
742 2 1 1 0 0 0 1 0 0
745 8 1 1 5 0 0 0 0 0
fn=map_doit
587 8 2 2 0 0 0 3 0 0
589 3 0 0 1 0 0 0 0 0
590 9 1 1 3 0 0 3 1 1
592 4 1 1 2 0 0 0 0 0
fn=rtld_lock_default_lock_recursive
795 20 2 2 5 3 2 5 0 0
fn=rtld_lock_default_unlock_recursive
801 20 2 2 5 1 0 5 0 0
fn=security_init
808 5 2 2 0 0 0 1 0 0
810 2 0 0 2 0 0 0 0 0
814 2 1 1 1 0 0 1 0 0
823 2 0 0 1 0 0 1 0 0
828 1 0 0 0 0 0 1 0 0
829 2 0 0 0 0 0 0 0 0
fn=version_check_doit
620 8 2 2 0 0 0 3 0 0
622 8 1 1 5 0 0 0 0 0
626 4 1 1 2 0 0 0 0 0
fl=/build/glibc-qeih7b/glibc-2.24/elf/setup-vdso.h
fn=dl_main
24 3 0 0 2 0 0 0 0 0
fl=/build/glibc-qeih7b/glibc-2.24/io/../sysdeps/unix/syscall-template.S
fn=???
84 9 0 0 3 0 0 0 0 0
fn=access
84 21 2 2 0 0 0 0 0 0
fn=close
84 21 2 2 0 0 0 0 0 0
85 6 0 0 0 0 0 0 0 0
fn=lseek
84 14 2 2 0 0 0 0 0 0
85 4 0 0 0 0 0 0 0 0
fn=open
84 21 2 2 0 0 0 0 0 0
85 6 0 0 0 0 0 0 0 0
fn=read
84 54 4 4 2 0 0 0 0 0
85 8 0 0 0 0 0 0 0 0
fn=write
84 26 3 3 2 0 0 0 0 0
fl=/build/glibc-qeih7b/glibc-2.24/io/../sysdeps/unix/sysv/linux/fxstat64.c
fn=__fxstat64
33 15 2 2 0 0 0 0 0 0
35 30 2 2 3 0 0 0 0 0
41 10 0 0 0 0 0 0 0 0
fl=/build/glibc-qeih7b/glibc-2.24/libio/../string/string.h
fn=_IO_file_xsputn@@GLIBC_2.2
650 70 0 0 20 0 0 0 0 0
fl=/build/glibc-qeih7b/glibc-2.24/libio/../sysdeps/unix/sysv/linux/sys/sysmacros.h
fn=_IO_file_doallocate
41 1 0 0 0 0 0 0 0 0
fl=/build/glibc-qeih7b/glibc-2.24/libio/feof.c
fn=feof
32 14 2 2 0 0 0 6 0 0
35 66 3 3 18 3 3 10 0 0
37 30 1 1 4 0 0 4 0 0
39 12 1 1 6 0 0 0 0 0
fl=/build/glibc-qeih7b/glibc-2.24/libio/filedoalloc.c
fn=_IO_file_doallocate
78 18 3 3 0 0 0 8 2 2
84 24 1 1 10 1 1 2 0 0
86 10 1 1 4 2 2 0 0 0
89 3 0 0 1 0 0 0 0 0
91 2 1 1 1 0 0 0 0 0
94 2 1 1 1 0 0 0 0 0
97 5 0 0 2 0 0 1 0 0
101 6 0 0 2 0 0 0 0 0
102 4 0 0 2 0 0 0 0 0
104 12 1 1 2 2 1 0 0 0
105 2 0 0 0 0 0 0 0 0
106 12 1 1 8 0 0 0 0 0
fl=/build/glibc-qeih7b/glibc-2.24/libio/fileops.c
fn=_IO_do_write@@GLIBC_2.2
500 13 2 2 0 0 0 3 0 0
502 17 1 1 1 0 0 0 0 0
503 4 0 0 2 0 0 0 0 0
fn=_IO_file_overflow@@GLIBC_2.2
815 104 3 3 0 0 0 52 2 2
816 52 0 0 13 0 0 13 0 0
823 96 0 0 33 0 0 0 0 0
826 6 1 1 4 1 1 0 0 0
828 8 1 1 4 0 0 0 0 0
829 10 1 1 2 0 0 6 0 0
838 6 1 1 0 0 0 0 0 0
847 8 0 0 4 0 0 0 0 0
849 2 0 0 0 0 0 2 0 0
850 2 0 0 0 0 0 2 0 0
851 2 0 0 0 0 0 2 0 0
852 4 0 0 0 0 0 4 0 0
854 2 1 1 0 0 0 0 0 0
855 12 1 1 2 0 0 2 0 0
856 4 0 0 0 0 0 2 0 0
858 37 1 1 0 0 0 0 0 0
859 15 1 1 6 1 1 0 0 0
861 30 1 1 10 0 0 0 0 0
864 30 0 0 0 0 0 20 1 1
865 40 0 0 10 0 0 0 0 0
866 60 1 1 0 0 0 0 0 0
871 72 1 1 52 0 0 0 0 0
fn=_IO_file_read
1221 6 1 1 0 0 0 0 0 0
1222 4 0 0 2 0 0 0 0 0
1224 10 1 1 4 1 0 0 0 0
fn=_IO_file_setbuf@@GLIBC_2.2
458 14 2 2 0 0 0 6 0 0
459 10 1 1 4 1 1 0 0 0
462 4 0 0 0 0 0 4 0 0
463 4 0 0 2 0 0 2 0 0
464 6 1 1 0 0 0 6 0 0
466 2 0 0 0 0 0 0 0 0
467 8 0 0 4 0 0 0 0 0
fn=_IO_file_stat
1237 6 1 1 0 0 0 0 0 0
1238 10 1 1 4 0 0 0 0 0
fn=_IO_file_sync@@GLIBC_2.2
876 16 2 2 0 0 0 6 0 0
881 10 1 1 4 0 0 2 0 0
883 6 1 1 4 0 0 0 0 0
884 4 0 0 2 0 0 0 0 0
901 10 2 2 0 0 0 4 0 0
905 8 0 0 4 0 0 0 0 0
fn=_IO_file_underflow@@GLIBC_2.2
539 22 3 3 0 0 0 14 0 0
547 8 0 0 2 0 0 2 0 0
553 10 1 1 4 0 0 0 0 0
556 6 0 0 2 0 0 0 0 0
559 3 1 1 2 1 0 0 0 0
564 6 2 2 3 0 0 0 0 0
569 6 0 0 2 0 0 0 0 0
589 8 2 2 4 0 0 0 0 0
595 6 2 2 2 0 0 4 0 0
596 2 0 0 0 0 0 2 0 0
597 2 0 0 0 0 0 2 0 0
598 2 0 0 0 0 0 2 0 0
600 18 0 0 8 0 0 0 0 0
602 4 1 1 0 0 0 0 0 0
604 2 1 1 0 0 0 0 0 0
605 3 0 0 1 0 0 1 0 0
609 2 0 0 1 0 0 0 0 0
615 4 0 0 0 0 0 2 0 0
616 1 0 0 0 0 0 0 0 0
618 6 1 1 2 0 0 1 0 0
620 3 1 1 2 0 0 0 0 0
621 22 3 3 16 0 0 0 0 0
fn=_IO_file_write@@GLIBC_2.2
1264 22 1 1 0 0 0 12 0 0
1266 14 0 0 0 0 0 2 0 0
1268 4 1 1 2 0 0 0 0 0
1271 20 2 2 6 0 0 0 0 0
1272 4 0 0 0 0 0 0 0 0
1277 2 0 0 0 0 0 0 0 0
1281 6 2 2 4 0 0 0 0 0
1284 20 2 2 12 0 0 0 0 0
fn=_IO_file_xsputn@@GLIBC_2.2
1288 201 2 2 0 0 0 84 2 2
1294 46 0 0 0 0 0 0 0 0
1295 22 1 1 0 0 0 0 0 0
1301 60 1 1 12 0 0 12 0 0
1303 30 1 1 20 0 0 0 0 0
1304 30 0 0 0 0 0 0 0 0
1307 66 0 0 0 0 0 0 0 0
1309 48 1 1 10 0 0 0 0 0
1311 2 1 1 0 0 0 0 0 0
1318 10 1 1 4 0 0 0 0 0
1322 14 2 2 0 0 0 0 0 0
1327 10 0 0 0 0 0 10 0 0
1332 10 0 0 0 0 0 0 0 0
1333 10 0 0 0 0 0 0 0 0
1335 30 0 0 0 0 0 0 0 0
1339 30 2 2 12 1 1 0 0 0
1345 9 0 0 6 0 0 0 0 0
1346 21 2 2 0 0 0 0 0 0
1348 6 0 0 3 1 1 0 0 0
1350 6 1 1 1 0 0 0 0 0
1352 3 0 0 0 0 0 0 0 0
1359 6 0 0 0 0 0 0 0 0
1360 7 0 0 1 1 1 0 0 0
1362 10 1 1 0 0 0 0 0 0
1363 108 1 1 84 0 0 0 0 0
fn=new_do_write
509 28 2 2 0 0 0 14 0 0
511 8 1 1 2 0 0 2 0 0
518 8 1 1 6 0 0 0 0 0
523 6 2 2 2 0 0 0 0 0
526 18 2 2 6 0 0 0 0 0
527 6 0 0 4 0 0 0 0 0
529 8 0 0 2 0 0 6 0 0
530 2 0 0 0 0 0 2 0 0
531 2 1 1 0 0 0 2 0 0
532 8 2 2 2 0 0 0 0 0
533 6 1 1 2 0 0 2 0 0
535 20 0 0 14 0 0 0 0 0
fl=/build/glibc-qeih7b/glibc-2.24/libio/genops.c
fn=_IO_cleanup
894 13 1 1 9 0 0 0 0 0
896 12 1 1 3 0 0 0 0 0
898 6 0 0 2 0 0 0 0 0
903 2 1 1 0 0 0 0 0 0
904 62 3 3 12 0 0 10 0 0
909 2 0 0 2 0 0 0 0 0
912 15 2 2 7 0 0 0 0 0
914 4 0 0 0 0 0 2 0 0
916 3 0 0 1 0 0 2 0 0
917 2 1 1 0 0 0 2 0 0
918 4 0 0 2 0 0 2 0 0
921 16 0 0 6 1 0 0 0 0
923 6 1 1 4 0 0 0 0 0
927 12 1 1 2 0 0 0 0 0
928 28 2 2 4 0 0 6 0 0
934 5 1 1 0 0 0 3 0 0
954 14 2 2 0 0 0 10 0 0
957 6 1 1 2 1 1 1 0 0
969 12 1 1 9 0 0 0 0 0
fn=_IO_default_setbuf
381 12 1 1 4 0 0 0 0 0
383 2 0 0 0 0 0 2 0 0
384 2 0 0 0 0 0 2 0 0
388 4 1 1 0 0 0 2 0 0
522 24 3 3 0 0 0 12 0 0
523 18 1 1 8 0 0 0 0 0
525 4 0 0 2 0 0 0 0 0
527 4 1 1 0 0 0 2 0 0
528 2 0 0 0 0 0 0 0 0
535 6 0 0 0 0 0 6 0 0
536 6 1 1 0 0 0 6 0 0
537 2 0 0 0 0 0 0 0 0
538 14 1 1 10 0 0 0 0 0
fn=_IO_default_uflow
412 18 5 5 0 0 0 8 0 0
413 12 2 2 6 1 0 0 0 0
414 6 0 0 2 0 0 0 0 0
416 4 1 1 2 0 0 1 0 0
417 9 0 0 5 0 0 0 0 0
fn=_IO_default_xsputn
422 57 4 4 0 0 0 33 2 2
425 6 0 0 0 0 0 0 0 0
430 26 1 1 8 0 0 0 0 0
435 6 0 0 2 0 0 0 0 0
445 8 1 1 0 0 0 0 0 0
449 14 0 0 0 0 0 7 0 0
450 21 0 0 7 0 0 0 0 0
451 4 0 0 0 0 0 2 0 0
453 2 0 0 0 0 0 0 0 0
455 20 3 3 9 0 0 0 0 0
457 2 0 0 0 0 0 0 0 0
459 3 1 1 0 0 0 0 0 0
460 33 2 2 27 0 0 0 0 0
fn=_IO_doallocbuf
383 1 0 0 0 0 0 1 0 0
384 1 1 1 0 0 0 1 0 0
388 3 1 1 0 0 0 1 0 0
394 27 3 3 0 0 0 12 1 1
395 9 0 0 3 0 0 0 0 0
397 15 0 0 4 0 0 3 0 0
398 18 2 2 8 2 1 0 0 0
400 2 0 0 0 0 0 0 0 0
401 18 1 1 12 0 0 0 0 0
fn=_IO_flush_all_lockp
766 15 3 3 0 0 0 10 0 0
772 4 1 1 0 0 0 2 0 0
777 1 0 0 1 0 0 0 0 0
778 2 1 1 2 2 2 0 0 0
779 8 0 0 1 1 1 0 0 0
782 6 1 1 0 0 0 3 0 0
783 2 0 0 1 0 0 1 0 0
785 24 2 2 9 0 0 0 0 0
795 6 1 1 3 0 0 0 0 0
799 6 1 1 0 0 0 3 0 0
806 6 0 0 3 0 0 0 0 0
810 2 1 1 1 0 0 0 0 0
812 3 1 1 2 0 0 0 0 0
816 12 2 2 9 0 0 0 0 0
fn=_IO_setb
380 16 2 2 0 0 0 6 0 0
381 6 0 0 4 0 0 0 0 0
383 2 1 1 0 0 0 2 0 0
385 4 0 0 0 0 0 2 0 0
386 6 0 0 0 0 0 2 0 0
389 8 1 1 4 0 0 0 0 0
fn=_IO_switch_to_get_mode
175 16 5 5 0 0 0 6 0 0
176 10 0 0 4 0 0 2 0 0
179 8 2 2 2 0 0 0 0 0
183 2 0 0 2 0 0 0 0 0
184 8 0 0 2 0 0 2 0 0
187 2 1 1 0 0 0 2 0 0
189 4 0 0 0 0 0 4 0 0
191 6 0 0 0 0 0 2 0 0
192 2 0 0 0 0 0 0 0 0
193 10 1 1 6 0 0 0 0 0
fn=__overflow
228 90 2 2 0 0 0 36 0 0
230 27 0 0 9 0 0 9 0 0
232 72 2 2 27 0 0 0 0 0
233 27 0 0 27 0 0 0 0 0
fn=__uflow
348 16 4 4 0 0 0 8 0 0
350 22 2 2 8 4 2 1 0 0
354 6 1 1 3 0 0 0 0 0
356 9 1 1 4 1 0 0 0 0
359 10 2 2 4 0 0 0 0 0
361 8 0 0 4 1 0 0 0 0
367 6 1 1 4 3 2 0 0 0
372 6 1 1 4 2 1 0 0 0
374 14 0 0 6 3 1 0 0 0
375 6 0 0 6 0 0 0 0 0
fl=/build/glibc-qeih7b/glibc-2.24/libio/getc.c
fn=getc
34 312 4 4 0 0 0 117 0 0
37 1028 4 4 275 4 0 197 0 0
38 279 3 3 117 3 2 37 0 0
41 234 0 0 117 0 0 0 0 0
fl=/build/glibc-qeih7b/glibc-2.24/libio/libioP.h
fn=_IO_cleanup
936 3 0 0 1 0 0 0 0 0
938 2 0 0 0 0 0 0 0 0
939 6 1 1 2 0 0 0 0 0
fn=_IO_default_setbuf
936 6 0 0 4 0 0 0 0 0
938 2 0 0 0 0 0 0 0 0
939 6 0 0 0 0 0 0 0 0
fn=_IO_default_uflow
936 6 0 0 4 0 0 0 0 0
938 2 0 0 0 0 0 0 0 0
939 6 0 0 2 0 0 0 0 0
fn=_IO_default_xsputn
936 9 0 0 6 0 0 0 0 0
938 1 0 0 0 0 0 0 0 0
939 3 0 0 0 0 0 0 0 0
942 3 0 0 3 0 0 0 0 0
fn=_IO_doallocbuf
936 6 0 0 4 0 0 0 0 0
938 2 0 0 0 0 0 0 0 0
939 6 0 0 2 0 0 0 0 0
fn=_IO_file_doallocate
936 6 1 1 4 0 0 0 0 0
938 2 0 0 0 0 0 0 0 0
939 6 0 0 2 0 0 0 0 0
fn=_IO_file_underflow@@GLIBC_2.2
863 2 2 2 0 0 0 0 0 0
938 2 0 0 0 0 0 0 0 0
939 6 2 2 0 0 0 2 0 0
fn=_IO_file_xsputn@@GLIBC_2.2
936 9 0 0 6 0 0 0 0 0
938 3 0 0 0 0 0 0 0 0
939 9 1 1 3 0 0 0 0 0
fn=_IO_flush_all_lockp
936 4 0 0 3 0 0 0 0 0
942 2 0 0 1 0 0 1 0 0
fn=__overflow
936 27 1 1 18 0 0 0 0 0
938 9 0 0 0 0 0 0 0 0
939 27 0 0 9 0 0 0 0 0
fn=__uflow
936 6 1 1 4 1 0 0 0 0
938 2 0 0 0 0 0 0 0 0
939 6 1 1 2 0 0 0 0 0
fn=getc
862 156 0 0 78 0 0 0 0 0
863 585 5 5 117 0 0 117 0 0
fn=new_do_write
938 2 1 1 0 0 0 0 0 0
939 6 0 0 2 0 0 0 0 0
fl=/build/glibc-qeih7b/glibc-2.24/libio/oldstdfiles.c
fn=_IO_check_libio
77 3 1 1 0 0 0 0 0 0
78 5 1 1 2 0 0 0 0 0
fl=/build/glibc-qeih7b/glibc-2.24/malloc/arena.c
fn=malloc_hook_ini
257 4 0 0 3 2 1 0 0 0
fn=ptmalloc_init.part.5
218 57 1 1 19 3 0 0 0 0
220 54 0 0 18 11 0 0 0 0
221 4 1 1 1 0 0 0 0 0
222 4 0 0 1 0 0 0 0 0
224 1 0 0 0 0 0 0 0 0
225 1 0 0 0 0 0 0 0 0
226 2 1 1 0 0 0 0 0 0
236 1 0 0 0 0 0 0 0 0
255 15 3 3 0 0 0 11 0 0
260 1 0 0 1 0 0 0 0 0
268 4 1 1 2 2 1 1 0 0
269 9 2 2 3 0 0 0 0 0
270 6 0 0 3 2 0 0 0 0
274 4 1 1 1 1 0 0 0 0
276 5 1 1 2 2 0 1 1 0
284 2 0 0 1 1 0 0 0 0
292 2 0 0 1 1 0 0 0 0
319 1 0 0 1 0 0 0 0 0
326 1 0 0 1 0 0 0 0 0
328 2 0 0 1 0 0 0 0 0
337 2 1 1 1 1 0 0 0 0
344 1 1 1 1 1 0 0 0 0
345 2 0 0 1 1 0 0 0 0
348 2 0 0 0 0 0 1 1 0
349 11 2 2 9 1 0 0 0 0
fn=sysmalloc
485 1 0 0 0 0 0 0 0 0
fl=/build/glibc-qeih7b/glibc-2.24/malloc/hooks.c
fn=malloc_hook_ini
29 6 2 2 0 0 0 2 0 0
30 2 0 0 1 0 0 1 0 0
32 9 2 2 4 2 0 1 0 0
33 1 0 0 1 0 0 0 0 0
fl=/build/glibc-qeih7b/glibc-2.24/malloc/malloc.c
fn=_int_free
1897 24 1 1 14 0 0 0 0 0
3879 112 3 3 0 0 0 70 0 0
3892 21 0 0 7 0 0 0 0 0
3898 28 1 1 0 0 0 7 0 0
3899 21 0 0 0 0 0 0 0 0
3910 14 0 0 7 0 0 0 0 0
3923 28 1 1 7 0 0 0 0 0
3934 15 0 0 3 0 0 0 0 0
3935 12 1 1 3 0 0 0 0 0
3961 68 3 3 11 0 0 8 0 0
3962 3 0 0 0 0 0 0 0 0
3963 6 0 0 0 0 0 0 0 0
3966 3 0 0 3 0 0 0 0 0
3972 9 1 1 0 0 0 0 0 0
3981 6 0 0 0 0 0 0 0 0
3983 3 1 1 0 0 0 3 0 0
3985 53 1 1 8 0 0 8 0 0
3987 6 2 2 3 0 0 0 0 0
3998 12 1 1 4 0 0 0 0 0
3999 8 0 0 0 0 0 0 0 0
4000 58 3 3 10 0 0 10 0 0
4004 8 0 0 0 0 0 0 0 0
4008 12 0 0 4 0 0 0 0 0
4014 28 2 2 8 0 0 0 0 0
4016 12 1 1 4 0 0 0 0 0
4022 16 0 0 4 1 1 0 0 0
4029 12 1 1 0 0 0 0 0 0
4030 16 0 0 8 1 1 0 0 0
4039 16 0 0 4 0 0 0 0 0
4046 12 1 1 4 0 0 0 0 0
4048 8 1 1 4 1 1 0 0 0
4051 8 0 0 0 0 0 0 0 0
4055 16 2 2 4 0 0 4 0 0
4063 4 0 0 0 0 0 0 0 0
4064 4 1 1 4 0 0 0 0 0
4065 12 0 0 4 0 0 0 0 0
4070 4 0 0 0 0 0 4 0 0
4072 8 0 0 0 0 0 4 0 0
4074 1 1 1 0 0 0 1 0 0
4075 1 0 0 0 0 0 1 0 0
4077 4 0 0 0 0 0 4 0 0
4078 4 0 0 0 0 0 4 0 0
4080 8 0 0 0 0 0 4 0 0
4081 8 0 0 0 0 0 4 0 0
4111 16 1 1 0 0 0 0 0 0
4131 8 1 1 4 0 0 0 0 0
4132 8 0 0 4 0 0 0 0 0
4133 36 1 1 4 0 0 4 0 0
4143 81 2 2 67 0 0 0 0 0
fn=_int_malloc
1890 44 1 1 24 2 1 8 8 8
1891 22 2 2 0 0 0 0 0 0
3357 154 3 3 0 0 0 110 5 3
3387 99 1 1 0 0 0 22 2 1
3391 22 1 1 0 0 0 0 0 0
3405 63 0 0 22 1 0 8 0 0
3407 9 0 0 0 0 0 3 0 0
3408 6 0 0 0 0 0 0 0 0
3409 3 0 0 3 0 0 0 0 0
3413 12 1 1 0 0 0 0 0 0
3442 30 1 1 0 0 0 0 0 0
3444 6 0 0 0 0 0 6 0 0
3445 30 0 0 6 0 0 0 0 0
3447 18 1 1 6 0 0 0 0 0
3450 66 2 2 0 0 0 30 0 0
3486 93 7 7 0 0 0 30 1 0
3487 20 1 1 10 0 0 0 0 0
3488 10 2 2 2 0 0 0 0 0
3507 55 2 2 11 1 1 0 0 0
3510 4 0 0 2 0 0 0 0 0
3511 4 1 1 2 1 1 0 0 0
3512 66 1 1 33 1 1 11 0 0
3514 1 0 0 0 0 0 0 0 0
3524 2 0 0 0 0 0 0 0 0
3553 1 0 0 0 0 0 1 0 0
3558 2 1 1 0 0 0 1 0 0
3560 3 1 1 1 0 0 0 0 0
3561 4 1 1 1 0 0 1 0 0
3641 20 1 1 10 0 0 0 0 0
3643 16 0 0 0 0 0 0 0 0
3646 12 1 1 4 1 1 0 0 0
3714 14 0 0 4 0 0 0 0 0
3715 30 1 1 0 0 0 0 0 0
3716 10 0 0 0 0 0 0 0 0
3717 40 0 0 10 1 1 0 0 0
3718 20 0 0 0 0 0 0 0 0
3723 60 1 1 0 0 0 0 0 0
3727 100 2 2 0 0 0 0 0 0
3730 60 0 0 20 0 0 0 0 0
3830 10 0 0 10 0 0 0 0 0
3831 30 0 0 10 0 0 0 0 0
3833 40 1 1 10 0 0 0 0 0
3835 8 0 0 0 0 0 0 0 0
3836 8 1 1 0 0 0 0 0 0
3837 8 1 1 0 0 0 8 0 0
3838 56 1 1 0 0 0 8 0 0
3840 8 0 0 0 0 0 0 0 0
3843 8 0 0 0 0 0 0 0 0
3850 8 0 0 4 0 0 0 0 0
3852 33 1 1 11 0 0 11 0 0
3857 176 1 1 55 0 0 55 0 0
3865 12 1 1 4 0 0 0 0 0
3866 4 1 1 0 0 0 0 0 0
3871 141 3 3 108 0 0 0 0 0
fn=free
2949 40 1 1 0 0 0 8 0 0
2954 16 2 1 16 2 2 0 0 0
2955 16 0 0 0 0 0 0 0 0
2961 16 0 0 0 0 0 0 0 0
2966 32 1 1 8 2 2 0 0 0
2970 5 2 2 3 3 3 0 0 0
2971 4 0 0 1 1 1 0 0 0
2972 5 1 1 0 0 0 0 0 0
2980 3 1 1 0 0 0 0 0 0
2984 21 0 0 7 0 0 0 0 0
2985 35 1 1 7 0 0 0 0 0
2986 15 1 1 8 0 0 0 0 0
fn=malloc
2917 120 1 1 0 0 0 72 2 2
2922 24 1 1 24 4 1 0 0 0
2923 24 1 1 12 0 0 0 0 0
2924 5 2 2 0 0 0 0 0 0
2926 234 3 3 46 1 1 24 0 0
2928 66 2 2 11 0 0 0 0 0
2931 22 0 0 0 0 0 0 0 0
2939 99 1 1 11 0 0 11 0 0
2941 104 1 1 31 0 0 0 0 0
2944 96 1 1 60 2 0 0 0 0
fn=malloc_consolidate
4160 30 3 3 0 0 0 22 3 0
4182 9 0 0 4 0 0 0 0 0
4183 30 2 2 6 0 0 4 0 0
4185 1 0 0 0 0 0 0 0 0
4195 2 1 1 0 0 0 1 0 0
4196 1 0 0 0 0 0 0 0 0
4198 60 1 1 10 1 1 10 0 0
4199 20 0 0 10 0 0 0 0 0
4202 3 1 1 3 0 0 0 0 0
4205 9 1 1 3 0 0 0 0 0
4206 3 0 0 0 0 0 0 0 0
4207 6 0 0 3 0 0 0 0 0
4209 9 0 0 0 0 0 0 0 0
4210 2 0 0 2 0 0 0 0 0
4211 2 0 0 0 0 0 0 0 0
4212 2 1 1 0 0 0 0 0 0
4213 50 3 3 18 0 0 8 0 0
4216 9 1 1 3 0 0 0 0 0
4217 6 0 0 3 0 0 0 0 0
4219 6 0 0 0 0 0 0 0 0
4221 57 3 3 21 0 0 6 0 0
4225 3 0 0 3 0 0 0 0 0
4226 3 1 1 0 0 0 3 0 0
4229 9 0 0 0 0 0 3 0 0
4234 9 0 0 0 0 0 3 0 0
4235 3 0 0 0 0 0 3 0 0
4236 3 0 0 0 0 0 3 0 0
4237 3 0 0 0 0 0 0 0 0
4246 6 0 0 0 0 0 3 0 0
4249 39 1 1 1 0 0 0 0 0
4252 4 2 2 1 0 0 0 0 0
4255 24 2 2 20 0 0 0 0 0
fn=malloc_init_state
1806 6 2 2 0 0 0 0 0 0
1811 254 0 0 0 0 0 0 0 0
1814 381 0 0 0 0 0 254 33 32
1818 4 1 1 1 0 0 0 0 0
1822 1 0 0 1 0 0 0 0 0
1823 2 0 0 0 0 0 1 0 0
1825 1 0 0 0 0 0 1 0 0
1826 3 1 1 1 0 0 1 0 0
fn=munmap_chunk
2838 6 1 1 0 0 0 2 0 0
2839 2 0 0 1 0 0 0 0 0
2841 3 1 1 0 0 0 0 0 0
2845 9 2 2 5 1 1 0 0 0
2848 2 0 0 1 0 0 0 0 0
2849 1 0 0 0 0 0 0 0 0
2855 7 1 1 3 2 2 0 0 0
2862 12 1 1 2 0 0 2 0 0
2863 9 1 1 2 0 0 1 0 0
2868 3 0 0 1 1 1 0 0 0
2869 2 0 0 1 0 0 0 0 0
fn=sysmalloc
2279 32 3 3 0 0 0 22 0 0
2299 2 0 0 2 1 0 0 0 0
2310 4 0 0 2 1 0 0 0 0
2311 13 1 1 4 1 1 1 0 0
2312 5 1 0 2 0 0 0 0 0
2326 7 0 0 0 0 0 0 0 0
2332 6 2 2 0 0 0 2 0 0
2334 9 1 1 1 0 0 2 0 0
2336 2 0 0 1 0 0 0 0 0
2351 4 2 2 1 0 0 0 0 0
2366 1 0 0 0 0 0 1 1 1
2367 2 0 0 0 0 0 1 0 0
2372 8 1 1 2 0 0 1 0 0
2373 31 2 2 5 0 0 4 0 0
2376 8 1 1 2 0 0 1 0 0
2377 30 2 2 5 0 0 4 0 0
2381 2 0 0 0 0 0 0 0 0
2392 1 0 0 1 0 0 0 0 0
2393 3 0 0 1 0 0 0 0 0
2403 4 1 1 0 0 0 0 0 0
2409 3 1 1 1 0 0 0 0 0
2412 4 1 1 1 0 0 0 0 0
2427 1 0 0 1 0 0 0 0 0
2465 3 1 1 1 0 0 0 0 0
2473 4 0 0 1 0 0 0 0 0
2474 1 0 0 0 0 0 0 0 0
2484 3 0 0 0 0 0 0 0 0
2492 2 1 1 0 0 0 0 0 0
2494 9 1 1 3 2 0 3 0 0
2498 4 0 0 3 0 0 0 0 0
2501 3 1 1 2 0 0 0 0 0
2502 2 0 0 0 0 0 0 0 0
2548 3 0 0 1 1 1 0 0 0
2549 2 1 1 0 0 0 1 0 0
2550 2 1 1 1 0 0 0 0 0
2556 2 0 0 0 0 0 1 0 0
2559 6 1 1 1 0 0 0 0 0
2602 4 1 1 0 0 0 1 0 0
2621 1 0 0 0 0 0 0 0 0
2624 2 0 0 0 0 0 0 0 0
2625 4 1 1 0 0 0 0 0 0
2627 2 0 0 0 0 0 0 0 0
2628 4 0 0 2 0 0 0 0 0
2640 2 1 1 1 0 0 0 0 0
2648 2 0 0 2 0 0 0 0 0
2649 5 1 1 2 0 0 0 0 0
2687 1 0 0 0 0 0 1 0 0
2688 4 1 1 0 0 0 1 1 1
2689 1 0 0 0 0 0 0 0 0
2700 2 1 1 0 0 0 1 0 0
2733 4 2 2 1 0 0 0 0 0
2734 1 0 0 0 0 0 1 0 0
2739 3 0 0 1 0 0 0 0 0
2742 3 1 1 0 0 0 0 0 0
2744 1 0 0 0 0 0 0 0 0
2745 1 0 0 0 0 0 0 0 0
2746 1 0 0 0 0 0 1 0 0
2747 5 0 0 0 0 0 1 0 0
2748 2 1 1 0 0 0 1 1 1
2750 1 0 0 0 0 0 0 0 0
2756 24 2 2 20 0 0 0 0 0
fl=/build/glibc-qeih7b/glibc-2.24/malloc/morecore.c
fn=__default_morecore
46 12 1 1 0 0 0 4 2 0
47 6 1 1 2 1 0 0 0 0
49 2 0 0 0 0 0 0 0 0
52 8 1 1 2 0 0 0 0 0
fl=/build/glibc-qeih7b/glibc-2.24/misc/../sysdeps/unix/syscall-template.S
fn=mprotect
84 28 2 2 0 0 0 0 0 0
85 8 0 0 0 0 0 0 0 0
fn=munmap
84 14 4 4 0 0 0 0 0 0
85 4 0 0 0 0 0 0 0 0
fn=prctl
84 14 2 2 0 0 0 0 0 0
85 4 0 0 0 0 0 0 0 0
fl=/build/glibc-qeih7b/glibc-2.24/misc/../sysdeps/unix/sysv/linux/generic/wordsize-32/mmap.c
fn=mmap
30 72 4 4 8 0 0 24 3 3
31 24 0 0 8 0 0 0 0 0
36 95 4 4 7 0 0 24 4 4
38 40 1 1 16 0 0 0 0 0
fl=/build/glibc-qeih7b/glibc-2.24/misc/../sysdeps/unix/sysv/linux/mips/brk.c
fn=brk
32 6 1 1 0 0 0 0 0 0
36 4 1 1 0 0 0 0 0 0
37 2 0 0 2 0 0 0 0 0
39 6 0 0 0 0 0 2 0 0
45 2 0 0 0 0 0 0 0 0
46 4 0 0 0 0 0 0 0 0
fl=/build/glibc-qeih7b/glibc-2.24/misc/init-misc.c
fn=__init_misc
30 8 1 1 0 0 0 4 0 0
31 6 2 2 2 1 0 0 0 0
33 3 0 0 0 0 0 0 0 0
34 2 0 0 1 0 0 0 0 0
37 3 1 1 1 1 0 1 0 0
38 3 0 0 2 0 0 1 0 0
40 6 1 1 3 0 0 0 0 0
fl=/build/glibc-qeih7b/glibc-2.24/misc/sbrk.c
fn=sbrk
34 18 2 2 0 0 0 10 1 0
42 12 0 0 7 3 1 0 0 0
43 7 2 2 3 1 0 0 0 0
46 4 1 1 2 0 0 0 0 0
50 5 1 1 1 0 0 0 0 0
51 1 0 0 0 0 0 0 0 0
58 5 1 1 2 0 0 0 0 0
62 12 0 0 6 0 0 0 0 0
fl=/build/glibc-qeih7b/glibc-2.24/nptl/unregister-atfork.c
fn=__unregister_atfork
28 28 2 2 0 0 0 18 0 0
36 4 0 0 4 1 1 0 0 0
39 4 1 1 0 0 0 0 0 0
121 22 3 3 16 0 0 0 0 0
fl=/build/glibc-qeih7b/glibc-2.24/posix/../sysdeps/unix/syscall-template.S
fn=uname
84 7 2 2 0 0 0 0 0 0
85 2 0 0 0 0 0 0 0 0
fl=/build/glibc-qeih7b/glibc-2.24/posix/../sysdeps/unix/sysv/linux/_exit.c
fn=_Exit
27 4 1 1 0 0 0 0 0 0
31 6 1 1 1 0 0 0 0 0
fl=/build/glibc-qeih7b/glibc-2.24/rt/../sysdeps/unix/clock_gettime.c
fn=clock_gettime
93 18 2 2 0 0 0 8 0 0
115 20 2 2 4 3 2 0 0 0
134 10 1 1 6 0 0 0 0 0
fl=/build/glibc-qeih7b/glibc-2.24/setjmp/../sysdeps/mips/bsd-_setjmp.S
fn=_setjmp
33 3 1 1 0 0 0 0 0 0
35 1 0 0 1 1 0 0 0 0
39 2 1 1 0 0 0 0 0 0
fl=/build/glibc-qeih7b/glibc-2.24/setjmp/../sysdeps/mips/setjmp.S
fn=__sigsetjmp
31 12 2 2 0 0 0 0 0 0
34 4 0 0 0 0 0 0 0 0
36 4 1 1 0 0 0 0 0 0
41 4 0 0 4 1 0 0 0 0
42 8 0 0 0 0 0 0 0 0
fl=/build/glibc-qeih7b/glibc-2.24/setjmp/../sysdeps/mips/setjmp_aux.c
fn=__sigsetjmp_aux
28 12 2 2 0 0 0 0 0 0
31 4 0 0 0 0 0 4 2 2
32 4 1 1 0 0 0 4 0 0
33 4 0 0 0 0 0 4 0 0
34 4 0 0 0 0 0 4 1 1
35 4 0 0 0 0 0 4 1 1
36 4 1 1 0 0 0 4 0 0
40 4 0 0 0 0 0 4 1 1
43 4 0 0 0 0 0 4 0 0
46 4 0 0 0 0 0 4 1 1
49 4 1 1 0 0 0 4 0 0
52 4 0 0 0 0 0 4 0 0
53 4 0 0 0 0 0 4 0 0
54 4 0 0 0 0 0 4 0 0
55 4 1 1 0 0 0 4 0 0
56 4 0 0 0 0 0 4 0 0
57 4 0 0 0 0 0 4 0 0
58 4 0 0 0 0 0 4 0 0
59 4 1 1 0 0 0 4 0 0
62 12 0 0 4 1 0 0 0 0
fl=/build/glibc-qeih7b/glibc-2.24/setjmp/sigjmp.c
fn=__sigjmp_save
28 7 1 1 0 0 0 2 0 0
29 3 0 0 0 0 0 2 0 0
34 5 2 2 2 0 0 0 0 0
fl=/build/glibc-qeih7b/glibc-2.24/stdio-common/../include/../locale/localeinfo.h
fn=__printf_fp_l
309 30 1 1 20 2 2 10 0 0
fl=/build/glibc-qeih7b/glibc-2.24/stdio-common/../include/rounding-mode.h
fn=__printf_fp_l
52 22 0 0 0 0 0 0 0 0
58 2 0 0 0 0 0 0 0 0
fl=/build/glibc-qeih7b/glibc-2.24/stdio-common/../libio/libioP.h
fn=buffered_vfprintf
936 2 1 1 1 0 0 0 0 0
938 1 0 0 0 0 0 0 0 0
939 3 0 0 1 0 0 0 0 0
fn=vfprintf
936 36 1 1 24 1 1 0 0 0
938 24 0 0 0 0 0 0 0 0
939 83 1 1 23 0 0 12 0 0
fl=/build/glibc-qeih7b/glibc-2.24/stdio-common/../string/string.h
fn=__printf_fp_l
650 6 0 0 2 0 0 0 0 0
fl=/build/glibc-qeih7b/glibc-2.24/stdio-common/../sysdeps/generic/get-rounding-mode.h
fn=__printf_fp_l
94 10 1 1 0 0 0 0 0 0
95 80 1 1 0 0 0 0 0 0
fl=/build/glibc-qeih7b/glibc-2.24/stdio-common/../sysdeps/pthread/allocalim.h
fn=__printf_fp_l
29 40 1 1 10 1 1 0 0 0
fl=/build/glibc-qeih7b/glibc-2.24/stdio-common/_itoa.c
fn=_itoa_word
165 3 1 1 0 0 0 0 0 0
168 3 0 0 2 1 1 0 0 0
170 4 1 1 0 0 0 0 0 0
179 17 3 3 1 1 1 1 0 0
fl=/build/glibc-qeih7b/glibc-2.24/stdio-common/fprintf.c
fn=fprintf
27 96 1 1 0 0 0 48 0 0
31 12 0 0 0 0 0 0 0 0
32 48 2 2 12 1 1 12 0 0
36 36 0 0 12 0 0 0 0 0
fl=/build/glibc-qeih7b/glibc-2.24/stdio-common/printf-parse.h
fn=vfprintf
108 138 2 2 34 0 0 23 0 0
fl=/build/glibc-qeih7b/glibc-2.24/stdio-common/printf_fp.c
fn=__printf_fp
1256 30 1 1 0 0 0 0 0 0
1257 80 1 1 30 2 2 0 0 0
fn=__printf_fp_l
215 190 3 3 0 0 0 110 2 2
229 10 0 0 0 0 0 10 0 0
230 10 0 0 0 0 0 10 0 0
245 10 0 0 0 0 0 10 1 1
248 10 1 1 0 0 0 0 0 0
254 20 0 0 10 0 0 0 0 0
261 10 0 0 0 0 0 10 0 0
264 40 1 1 10 0 0 10 1 1
267 10 0 0 10 0 0 0 0 0
285 30 0 0 0 0 0 10 0 0
293 10 1 1 0 0 0 0 0 0
378 30 1 1 30 0 0 0 0 0
381 50 0 0 10 0 0 0 0 0
395 80 1 1 30 1 1 0 0 0
411 110 2 2 20 0 0 30 1 1
415 20 0 0 0 0 0 0 0 0
435 3 1 1 3 0 0 0 0 0
437 21 1 1 6 0 0 3 1 1
451 50 1 1 10 0 0 0 0 0
452 10 0 0 0 0 0 0 0 0
454 10 0 0 0 0 0 0 0 0
455 60 1 1 0 0 0 10 0 0
456 30 0 0 0 0 0 10 0 0
457 20 1 1 0 0 0 0 0 0
463 10 0 0 0 0 0 10 0 0
464 30 0 0 0 0 0 10 0 0
473 12 0 0 0 0 0 0 0 0
481 21 0 0 6 0 0 0 0 0
482 12 1 1 0 0 0 0 0 0
484 15 2 2 0 0 0 0 0 0
485 24 1 1 6 0 0 0 0 0
486 6 0 0 0 0 0 3 0 0
487 21 1 1 3 0 0 6 0 0
489 6 1 1 3 0 0 0 0 0
494 27 0 0 0 0 0 0 0 0
498 162 1 1 27 5 5 0 0 0
500 6 0 0 3 0 0 0 0 0
523 6 0 0 3 0 0 3 0 0
524 30 2 2 18 0 0 0 0 0
530 6 1 1 3 0 0 3 0 0
540 39 2 2 21 0 0 0 0 0
544 15 0 0 0 0 0 3 0 0
551 105 1 1 24 0 0 0 0 0
558 6 1 1 0 0 0 3 0 0
568 10 1 1 0 0 0 0 0 0
638 14 1 1 7 1 1 0 0 0
729 30 1 1 10 0 0 0 0 0
806 35 1 1 7 0 0 0 0 0
807 49 0 0 14 0 0 14 0 0
808 14 0 0 0 0 0 7 0 0
812 20 0 0 10 0 0 10 0 0
821 20 1 1 0 0 0 10 0 0
822 90 2 2 40 1 1 0 0 0
824 30 0 0 0 0 0 10 1 1
834 40 1 1 10 0 0 0 0 0
854 50 1 1 10 0 0 0 0 0
855 60 2 2 20 0 0 0 0 0
868 30 0 0 0 0 0 10 0 0
869 10 0 0 0 0 0 10 0 0
870 20 1 1 10 0 0 0 0 0
876 20 0 0 0 0 0 10 0 0
878 70 1 1 10 0 0 30 0 0
882 20 0 0 10 0 0 0 0 0
896 80 2 2 20 0 0 0 0 0
903 20 0 0 0 0 0 0 0 0
913 80 1 1 0 0 0 20 0 0
914 40 0 0 20 0 0 0 0 0
917 30 1 1 10 0 0 10 0 0
920 210 3 3 60 0 0 50 1 1
923 50 1 1 0 0 0 0 0 0
925 30 0 0 10 0 0 10 0 0
926 40 0 0 20 0 0 0 0 0
927 30 1 1 10 0 0 0 0 0
928 50 1 1 20 0 0 0 0 0
929 20 0 0 0 0 0 10 0 0
941 10 0 0 0 0 0 0 0 0
942 20 1 1 0 0 0 20 0 0
943 195 0 0 15 0 0 0 0 0
944 270 1 1 110 0 0 0 0 0
946 50 0 0 0 0 0 0 0 0
947 210 0 0 50 0 0 0 0 0
948 150 1 1 0 0 0 50 1 1
949 10 0 0 0 0 0 5 0 0
950 135 1 1 90 0 0 0 0 0
959 40 1 1 20 0 0 0 0 0
960 30 1 1 10 0 0 0 0 0
962 33 0 0 11 0 0 0 0 0
963 1 0 0 0 0 0 0 0 0
964 56 2 2 38 0 0 0 0 0
967 18 0 0 0 0 0 0 0 0
972 216 1 1 36 0 0 0 0 0
973 27 1 1 0 0 0 0 0 0
984 2 1 1 0 0 0 0 0 0
989 7 1 1 2 0 0 0 0 0
994 3 1 1 2 0 0 0 0 0
995 3 1 1 0 0 0 0 0 0
996 3 1 1 1 0 0 1 0 0
998 3 0 0 0 0 0 1 0 0
1009 3 1 1 1 0 0 0 0 0
1078 290 3 3 66 0 0 0 0 0
1081 45 0 0 0 0 0 0 0 0
1085 65 0 0 18 0 0 0 0 0
1086 27 1 1 9 0 0 0 0 0
1088 20 0 0 10 0 0 0 0 0
1101 40 1 1 20 0 0 0 0 0
1147 80 2 2 40 0 0 0 0 0
1149 40 1 1 10 0 0 0 0 0
1151 100 3 3 30 0 0 0 0 0
1154 20 0 0 0 0 0 0 0 0
1156 30 0 0 0 0 0 0 0 0
1158 30 1 1 0 0 0 0 0 0
1159 20 1 1 0 0 0 0 0 0
1161 60 1 1 20 0 0 0 0 0
1170 30 1 1 10 0 0 0 0 0
1177 40 0 0 10 0 0 0 0 0
1180 20 1 1 0 0 0 0 0 0
1182 50 1 1 20 0 0 0 0 0
1184 30 0 0 20 0 0 0 0 0
1185 20 0 0 0 0 0 10 0 0
1189 60 2 2 10 0 0 10 0 0
1191 30 0 0 20 0 0 0 0 0
1202 50 1 1 0 0 0 0 0 0
1209 174 1 1 30 0 0 20 0 0
1210 48 2 2 32 0 0 0 0 0
1212 30 0 0 15 0 0 0 0 0
1215 30 0 0 0 0 0 15 0 0
1219 40 1 1 10 0 0 0 0 0
1236 337 3 3 76 0 0 23 0 0
1239 30 2 2 20 0 0 0 0 0
1246 40 0 0 10 0 0 0 0 0
1250 140 3 3 100 0 0 0 0 0
fn=hack_digit
169 490 1 1 0 0 0 210 2 2
172 210 1 1 70 0 0 70 0 0
174 210 1 1 70 0 0 0 0 0
176 350 1 1 140 0 0 0 0 0
177 490 2 2 140 1 1 70 0 0
209 490 1 1 210 0 0 0 0 0
fl=/build/glibc-qeih7b/glibc-2.24/stdio-common/vfprintf.c
fn=buffered_vfprintf
2292 12 2 2 0 0 0 7 1 1
2300 11 2 2 4 0 0 0 0 0
2304 1 0 0 0 0 0 1 0 0
2310 4 0 0 0 0 0 3 0 0
2311 2 1 1 0 0 0 1 0 0
2313 3 0 0 0 0 0 1 0 0
2315 1 0 0 0 0 0 1 0 0
2318 1 0 0 0 0 0 1 0 0
2320 2 1 1 1 1 1 1 0 0
2321 2 1 1 1 0 0 0 0 0
2325 6 0 0 2 0 0 1 0 0
2331 6 1 1 3 0 0 2 0 0
2332 41 5 5 9 0 0 6 0 0
2344 5 0 0 3 0 0 0 0 0
2346 8 1 1 4 1 1 0 0 0
2347 3 0 0 0 0 0 0 0 0
2352 19 4 4 4 0 0 3 0 0
2353 2 0 0 1 0 0 0 0 0
2356 9 0 0 6 0 0 0 0 0
fn=vfprintf
1236 247 4 4 0 0 0 143 5 5
1267 65 0 0 26 2 2 0 0 0
1275 143 2 2 52 5 5 15 1 1
1279 78 1 1 13 2 2 0 0 0
1283 91 3 3 26 0 0 0 0 0
1284 78 0 0 39 0 0 0 0 0
1290 39 1 1 13 1 1 0 0 0
1293 7 1 1 1 0 0 0 0 0
1301 12 0 0 0 0 0 12 1 1
1316 102 2 2 33 3 3 46 0 0
1317 267 3 3 68 3 3 46 1 1
1320 144 2 2 60 3 3 0 0 0
1324 48 0 0 36 0 0 0 0 0
1328 132 2 2 55 2 2 33 1 1
1349 11 0 0 0 0 0 11 0 0
1350 11 0 0 0 0 0 0 0 0
1351 11 0 0 0 0 0 11 0 0
1352 11 0 0 0 0 0 0 0 0
1353 11 0 0 0 0 0 0 0 0
1354 11 0 0 0 0 0 0 0 0
1355 11 1 1 0 0 0 0 0 0
1356 11 0 0 0 0 0 0 0 0
1357 11 0 0 0 0 0 0 0 0
1358 11 0 0 0 0 0 0 0 0
1359 11 0 0 0 0 0 0 0 0
1362 11 0 0 0 0 0 11 0 0
1363 11 0 0 0 0 0 0 0 0
1366 11 1 1 0 0 0 11 0 0
1367 11 0 0 11 0 0 0 0 0
1370 319 3 3 99 5 5 66 0 0
1593 11 0 0 11 0 0 0 0 0
1598 33 1 1 11 0 0 0 0 0
1608 2 1 1 0 0 0 0 0 0
1609 28 3 3 17 1 1 1 0 0
1631 33 1 1 11 0 0 11 1 1
1636 530 28 28 109 1 1 91 2 2
1654 22 1 1 0 0 0 11 0 0
1656 33 1 1 22 1 1 0 0 0
1664 22 0 0 11 0 0 0 0 0
1668 220 3 3 55 0 0 11 0 0
1670 33 0 0 11 0 0 0 0 0
1690 224 2 2 57 0 0 33 0 0
1691 35 0 0 23 1 1 0 0 0
1694 182 2 2 130 0 0 0 0 0
fl=/build/glibc-qeih7b/glibc-2.24/stdlib/../include/rounding-mode.h
fn=round_away
45 84 1 1 12 0 0 24 1 0
46 84 2 2 12 1 0 0 0 0
52 24 0 0 12 0 0 0 0 0
55 12 1 1 0 0 0 0 0 0
63 24 1 1 0 0 0 0 0 0
fl=/build/glibc-qeih7b/glibc-2.24/stdlib/../stdlib/gmp.h
fn=str_to_mpn.isra.0
446 36 1 1 0 0 0 12 0 0
fl=/build/glibc-qeih7b/glibc-2.24/stdlib/../sysdeps/generic/get-rounding-mode.h
fn=round_and_return
94 12 0 0 0 0 0 0 0 0
95 72 1 1 0 0 0 0 0 0
104 12 0 0 0 0 0 0 0 0
fl=/build/glibc-qeih7b/glibc-2.24/stdlib/../sysdeps/ieee754/dbl-64/dbl2mpn.c
fn=__mpn_extract_double
35 20 1 1 20 0 0 0 0 0
37 20 0 0 0 0 0 10 0 0
38 30 0 0 0 0 0 10 0 0
41 10 0 0 0 0 0 10 0 0
42 10 0 0 0 0 0 0 0 0
56 40 2 2 0 0 0 10 0 0
103 30 1 1 0 0 0 10 0 0
107 20 1 1 0 0 0 0 0 0
fl=/build/glibc-qeih7b/glibc-2.24/stdlib/../sysdeps/ieee754/dbl-64/mpn2dbl.c
fn=__mpn_construct_double
32 24 0 0 0 0 0 0 0 0
33 24 0 0 0 0 0 0 0 0
35 12 1 1 12 0 0 0 0 0
36 24 0 0 12 0 0 0 0 0
46 12 0 0 0 0 0 0 0 0
47 24 1 1 0 0 0 0 0 0
fl=/build/glibc-qeih7b/glibc-2.24/stdlib/../sysdeps/mips/lshift.S
fn=__mpn_lshift
35 66 1 1 0 0 0 0 0 0
39 22 0 0 0 0 0 0 0 0
40 22 0 0 0 0 0 0 0 0
41 22 0 0 22 0 0 0 0 0
42 22 0 0 0 0 0 0 0 0
43 22 0 0 0 0 0 0 0 0
44 22 1 1 0 0 0 0 0 0
45 22 0 0 0 0 0 0 0 0
46 22 0 0 0 0 0 0 0 0
47 22 0 0 0 0 0 0 0 0
49 10 0 0 0 0 0 0 0 0
51 10 0 0 10 0 0 0 0 0
52 10 0 0 0 0 0 0 0 0
53 10 0 0 0 0 0 0 0 0
54 10 0 0 0 0 0 0 0 0
55 10 0 0 0 0 0 0 0 0
56 10 0 0 0 0 0 0 0 0
57 10 0 0 0 0 0 0 0 0
58 10 0 0 0 0 0 0 0 0
59 10 0 0 0 0 0 0 0 0
60 10 0 0 0 0 0 10 0 0
62 22 1 1 0 0 0 0 0 0
63 22 1 1 0 0 0 0 0 0
94 22 1 1 0 0 0 0 0 0
95 22 0 0 0 0 0 0 0 0
96 22 0 0 0 0 0 22 0 0
fl=/build/glibc-qeih7b/glibc-2.24/stdlib/../sysdeps/mips/mul_1.S
fn=__mpn_mul_1
36 210 1 1 0 0 0 0 0 0
41 70 0 0 70 0 0 0 0 0
44 70 0 0 0 0 0 0 0 0
46 70 0 0 0 0 0 0 0 0
52 70 0 0 0 0 0 0 0 0
53 70 0 0 0 0 0 0 0 0
54 70 1 1 0 0 0 0 0 0
56 70 0 0 0 0 0 0 0 0
57 70 0 0 0 0 0 0 0 0
58 70 0 0 70 0 0 0 0 0
86 70 1 1 0 0 0 0 0 0
87 70 0 0 0 0 0 0 0 0
92 70 0 0 0 0 0 0 0 0
93 70 0 0 0 0 0 0 0 0
95 70 0 0 0 0 0 0 0 0
100 70 0 0 0 0 0 70 0 0
101 70 0 0 0 0 0 0 0 0
102 70 0 0 0 0 0 0 0 0
106 70 1 1 0 0 0 0 0 0
107 70 0 0 0 0 0 0 0 0
112 70 0 0 0 0 0 0 0 0
113 70 0 0 0 0 0 0 0 0
114 70 0 0 0 0 0 70 0 0
115 70 0 0 0 0 0 0 0 0
116 70 0 0 0 0 0 0 0 0
fl=/build/glibc-qeih7b/glibc-2.24/stdlib/cmp.c
fn=__mpn_cmp
35 9 1 1 0 0 0 0 0 0
37 6 0 0 3 0 0 0 0 0
38 6 1 1 3 0 0 0 0 0
39 6 0 0 0 0 0 0 0 0
47 18 2 2 0 0 0 0 0 0
fl=/build/glibc-qeih7b/glibc-2.24/stdlib/cxa_atexit.c
fn=__cxa_atexit
35 4 2 2 2 1 0 0 0 0
37 2 0 0 0 0 0 0 0 0
43 1 0 0 0 0 0 1 0 0
44 1 0 0 0 0 0 1 0 0
45 1 0 0 0 0 0 1 0 0
46 1 1 1 0 0 0 0 0 0
47 2 0 0 0 0 0 1 0 0
48 1 0 0 0 0 0 0 0 0
57 11 1 1 0 0 0 5 0 0
59 7 1 1 4 0 0 0 0 0
fn=__new_exitfn
73 10 2 2 0 0 0 5 0 0
79 26 2 2 5 3 0 4 0 0
81 8 3 3 2 0 0 1 0 0
83 3 0 0 1 1 0 0 0 0
112 1 0 0 0 0 0 0 0 0
113 3 2 2 0 0 0 1 0 0
126 2 0 0 0 0 0 1 0 0
127 8 2 2 3 1 0 2 0 0
130 9 1 1 2 0 0 1 0 0
133 6 1 1 3 0 0 0 0 0
fl=/build/glibc-qeih7b/glibc-2.24/stdlib/cxa_finalize.c
fn=__cxa_finalize
31 36 3 3 2 0 0 24 0 0
35 16 1 1 10 1 1 0 0 0
39 16 1 1 2 0 0 0 0 0
48 4 0 0 0 0 0 0 0 0
51 2 1 1 2 0 0 0 0 0
67 14 2 2 4 0 0 0 0 0
71 16 1 1 2 1 1 0 0 0
79 4 0 0 2 0 0 0 0 0
80 4 1 1 0 0 0 0 0 0
82 24 1 1 20 0 0 0 0 0
fl=/build/glibc-qeih7b/glibc-2.24/stdlib/cxa_thread_atexit_impl.c
fn=__call_tls_dtors
145 8 3 3 0 0 0 4 0 0
146 6 0 0 2 0 0 0 0 0
164 5 1 1 3 0 0 0 0 0
fl=/build/glibc-qeih7b/glibc-2.24/stdlib/exit.c
fn=__run_exit_handlers
35 15 3 3 0 0 0 8 0 0
40 2 0 0 0 0 0 1 0 0
41 5 0 0 2 0 0 0 0 0
47 2 1 1 0 0 0 0 0 0
51 4 0 0 0 0 0 0 0 0
54 1 0 0 0 0 0 0 0 0
55 14 1 1 4 2 2 1 0 0
83 5 2 2 2 0 0 0 0 0
84 2 0 0 1 0 0 0 0 0
88 1 1 1 1 0 0 0 0 0
89 2 0 0 0 0 0 1 0 0
95 2 0 0 1 0 0 0 0 0
96 11 2 2 4 1 1 0 0 0
98 3 0 0 1 0 0 0 0 0
fn=exit
104 6 2 2 0 0 0 2 0 0
105 5 0 0 2 1 1 0 0 0
fl=/build/glibc-qeih7b/glibc-2.24/stdlib/grouping.c
fn=__correctly_grouped_prefixmb
55 18 0 0 0 0 0 0 0 0
61 12 1 1 6 0 0 0 0 0
201 12 1 1 0 0 0 0 0 0
fl=/build/glibc-qeih7b/glibc-2.24/stdlib/strtod.c
fn=strtod
63 54 1 1 0 0 0 0 0 0
64 126 1 1 54 1 0 0 0 0
fl=/build/glibc-qeih7b/glibc-2.24/stdlib/strtod_l.c
fn=____strtod_l_internal
481 306 3 3 0 0 0 180 1 1
487 36 0 0 0 0 0 0 0 0
534 18 0 0 18 1 0 0 0 0
536 36 0 0 0 0 0 18 0 0
553 18 0 0 0 0 0 0 0 0
554 18 0 0 0 0 0 0 0 0
568 18 0 0 18 1 0 0 0 0
569 126 1 1 36 0 0 36 0 0
570 54 1 1 36 0 0 0 0 0
574 126 0 0 18 0 0 36 0 0
575 18 0 0 0 0 0 18 0 0
580 18 0 0 0 0 0 0 0 0
583 36 1 1 36 0 0 0 0 0
584 216 0 0 36 0 0 0 0 0
587 54 1 1 0 0 0 0 0 0
592 36 0 0 0 0 0 0 0 0
605 54 1 1 18 0 0 0 0 0
606 54 0 0 18 0 0 0 0 0
614 90 1 1 0 0 0 0 0 0
662 84 4 4 18 0 0 0 0 0
681 36 1 1 0 0 0 0 0 0
682 18 1 1 0 0 0 0 0 0
705 36 2 2 0 0 0 0 0 0
706 114 4 4 12 0 0 0 0 0
707 18 0 0 6 0 0 0 0 0
712 12 1 1 0 0 0 0 0 0
713 18 0 0 6 0 0 0 0 0
727 18 1 1 0 0 0 0 0 0
733 36 1 1 6 0 0 0 0 0
738 84 3 3 18 0 0 6 0 0
748 120 0 0 0 0 0 0 0 0
749 36 1 1 0 0 0 0 0 0
752 12 1 1 0 0 0 0 0 0
761 24 0 0 0 0 0 0 0 0
774 24 1 1 12 0 0 0 0 0
777 24 0 0 0 0 0 0 0 0
819 12 0 0 0 0 0 0 0 0
828 24 1 1 0 0 0 0 0 0
829 36 0 0 12 0 0 0 0 0
853 24 1 1 0 0 0 0 0 0
854 36 1 1 12 2 2 0 0 0
855 48 0 0 0 0 0 0 0 0
996 48 1 1 24 0 0 0 0 0
1015 24 0 0 0 0 0 0 0 0
1016 12 1 1 0 0 0 12 0 0
1018 24 0 0 12 0 0 0 0 0
1021 24 1 1 0 0 0 0 0 0
1054 24 1 1 0 0 0 0 0 0
1146 12 0 0 12 0 0 0 0 0
1148 156 2 2 12 0 0 0 0 0
1149 12 1 1 0 0 0 0 0 0
1150 60 0 0 0 0 0 12 0 0
1153 132 2 2 0 0 0 12 0 0
1165 48 1 1 0 0 0 0 0 0
1168 24 0 0 0 0 0 0 0 0
1171 180 3 3 24 1 0 48 0 0
1177 132 3 3 72 1 0 0 0 0
1221 60 2 2 12 0 0 0 0 0
1222 24 0 0 0 0 0 0 0 0
1226 36 0 0 0 0 0 0 0 0
1232 24 1 1 0 0 0 0 0 0
1264 24 1 1 12 0 0 0 0 0
1267 72 1 1 0 0 0 0 0 0
1269 36 0 0 0 0 0 0 0 0
1277 24 0 0 12 0 0 0 0 0
1279 108 2 2 0 0 0 0 0 0
1283 84 1 1 24 0 0 12 0 0
1298 96 2 2 0 0 0 36 0 0
1735 60 1 1 24 0 0 12 0 0
1743 216 4 4 180 0 0 0 0 0
fn=round_and_return
197 240 3 3 24 0 0 132 0 0
200 60 2 2 0 0 0 0 0 0
294 192 2 2 72 0 0 0 0 0
297 84 2 2 12 0 0 12 0 0
301 96 1 1 24 0 0 0 0 0
328 84 0 0 24 0 0 0 0 0
329 132 2 2 108 0 0 0 0 0
fn=str_to_mpn.isra.0
338 192 2 2 12 0 0 132 3 3
351 12 1 1 0 0 0 12 0 0
352 72 0 0 12 0 0 0 0 0
355 36 0 0 0 0 0 0 0 0
365 24 0 0 0 0 0 0 0 0
386 72 1 1 12 0 0 0 0 0
390 12 0 0 0 0 0 0 0 0
399 36 1 1 0 0 0 0 0 0
400 24 0 0 0 0 0 0 0 0
402 36 1 1 0 0 0 0 0 0
404 96 3 3 36 0 0 0 0 0
411 48 1 1 12 0 0 0 0 0
413 24 1 1 12 1 1 0 0 0
415 12 0 0 0 0 0 12 0 0
416 24 0 0 0 0 0 12 0 0
431 156 2 2 120 0 0 0 0 0
fl=/build/glibc-qeih7b/glibc-2.24/stdlib/strtol.c
fn=strtol
105 6 1 1 0 0 0 2 0 0
106 8 2 2 3 3 0 1 0 0
107 3 0 0 1 0 0 0 0 0
fl=/build/glibc-qeih7b/glibc-2.24/stdlib/strtol_l.c
fn=____strtol_l_internal
227 15 3 3 0 0 0 9 0 0
247 2 0 0 0 0 0 0 0 0
253 2 0 0 0 0 0 1 0 0
274 1 0 0 0 0 0 0 0 0
275 1 0 0 0 0 0 0 0 0
284 5 1 1 1 0 0 0 0 0
293 10 1 1 3 2 1 0 0 0
295 2 1 1 0 0 0 0 0 0
299 1 0 0 0 0 0 0 0 0
300 3 0 0 0 0 0 0 0 0
305 2 0 0 0 0 0 0 0 0
309 4 1 1 1 0 0 0 0 0
319 2 0 0 0 0 0 0 0 0
326 3 1 1 0 0 0 0 0 0
329 4 1 1 0 0 0 0 0 0
379 1 0 0 0 0 0 0 0 0
433 5 0 0 1 0 0 0 0 0
435 4 1 1 1 1 0 0 0 0
437 10 1 1 0 0 0 0 0 0
444 2 0 0 0 0 0 0 0 0
461 6 2 2 2 2 1 0 0 0
462 4 0 0 1 1 0 0 0 0
465 2 2 2 0 0 0 0 0 0
468 5 0 0 0 0 0 0 0 0
474 3 1 1 0 0 0 0 0 0
479 2 0 0 0 0 0 0 0 0
484 2 0 0 0 0 0 0 0 0
485 1 0 0 0 0 0 1 1 0
490 2 0 0 0 0 0 0 0 0
491 2 2 2 1 0 0 0 0 0
493 2 1 1 0 0 0 0 0 0
526 10 2 2 8 0 0 0 0 0
fl=/build/glibc-qeih7b/glibc-2.24/string/../sysdeps/mips/memcpy.S
fn=memcpy
297 30 2 2 0 0 0 0 0 0
298 30 0 0 0 0 0 0 0 0
302 30 0 0 0 0 0 0 0 0
313 15 0 0 0 0 0 0 0 0
314 15 1 1 0 0 0 0 0 0
315 15 0 0 0 0 0 0 0 0
316 15 0 0 0 0 0 0 0 0
318 14 0 0 0 0 0 0 0 0
319 14 1 1 0 0 0 0 0 0
320 14 0 0 0 0 0 0 0 0
403 14 1 1 0 0 0 0 0 0
404 14 0 0 0 0 0 0 0 0
405 14 1 1 0 0 0 0 0 0
516 14 2 2 0 0 0 0 0 0
517 14 0 0 0 0 0 0 0 0
519 14 1 1 0 0 0 0 0 0
520 14 0 0 0 0 0 0 0 0
521 4 0 0 4 0 0 0 0 0
522 4 0 0 4 0 0 0 0 0
523 4 0 0 4 0 0 0 0 0
524 4 0 0 4 0 0 0 0 0
525 4 0 0 4 0 0 0 0 0
526 4 0 0 4 0 0 0 0 0
527 4 1 1 4 0 0 0 0 0
528 4 0 0 4 0 0 0 0 0
529 4 0 0 0 0 0 0 0 0
530 4 0 0 0 0 0 4 2 2
531 4 0 0 0 0 0 4 0 0
532 4 0 0 0 0 0 4 1 1
533 4 0 0 0 0 0 4 0 0
534 4 0 0 0 0 0 4 0 0
535 4 1 1 0 0 0 4 0 0
536 4 0 0 0 0 0 4 2 2
537 4 0 0 0 0 0 4 0 0
538 4 0 0 0 0 0 0 0 0
548 14 1 1 0 0 0 0 0 0
549 14 0 0 0 0 0 0 0 0
550 14 0 0 0 0 0 0 0 0
551 14 0 0 0 0 0 0 0 0
555 64 0 0 64 2 1 0 0 0
556 64 0 0 0 0 0 0 0 0
557 64 0 0 0 0 0 0 0 0
558 64 0 0 0 0 0 0 0 0
559 64 0 0 0 0 0 64 7 7
577 29 2 2 0 0 0 0 0 0
578 29 0 0 0 0 0 0 0 0
580 28 0 0 28 1 1 0 0 0
581 28 0 0 0 0 0 0 0 0
582 28 0 0 0 0 0 0 0 0
583 28 0 0 0 0 0 0 0 0
584 28 0 0 0 0 0 28 4 4
586 29 0 0 0 0 0 0 0 0
587 29 0 0 0 0 0 0 0 0
595 15 2 2 0 0 0 0 0 0
596 15 0 0 0 0 0 0 0 0
598 15 1 1 0 0 0 0 0 0
599 2 0 0 0 0 0 0 0 0
600 2 0 0 0 0 0 0 0 0
601 2 0 0 0 0 0 0 0 0
603 2 0 0 0 0 0 0 0 0
604 2 0 0 0 0 0 0 0 0
607 2 0 0 2 0 0 0 0 0
608 2 0 0 0 0 0 0 0 0
609 2 0 0 0 0 0 0 0 0
610 2 0 0 0 0 0 0 0 0
611 2 0 0 0 0 0 2 0 0
613 2 0 0 0 0 0 0 0 0
614 2 0 0 0 0 0 0 0 0
627 1 1 1 0 0 0 0 0 0
628 1 0 0 0 0 0 0 0 0
629 1 0 0 0 0 0 0 0 0
646 1 1 1 0 0 0 0 0 0
647 1 0 0 0 0 0 0 0 0
648 1 0 0 0 0 0 0 0 0
744 1 1 1 0 0 0 0 0 0
745 1 0 0 0 0 0 0 0 0
747 1 0 0 0 0 0 0 0 0
748 1 0 0 0 0 0 0 0 0
780 1 1 1 0 0 0 0 0 0
781 1 1 1 0 0 0 0 0 0
782 1 0 0 0 0 0 0 0 0
783 1 0 0 0 0 0 0 0 0
787 2 0 0 2 0 0 0 0 0
788 2 0 0 2 0 0 0 0 0
789 2 0 0 0 0 0 0 0 0
790 2 0 0 0 0 0 0 0 0
791 2 0 0 0 0 0 0 0 0
792 2 1 1 0 0 0 2 1 1
796 1 0 0 0 0 0 0 0 0
797 1 0 0 0 0 0 0 0 0
799 2 0 0 2 0 0 0 0 0
800 2 0 0 0 0 0 0 0 0
801 2 0 0 0 0 0 0 0 0
802 2 0 0 0 0 0 0 0 0
803 2 0 0 0 0 0 2 0 0
805 1 1 1 0 0 0 0 0 0
806 1 0 0 0 0 0 0 0 0
fl=/build/glibc-qeih7b/glibc-2.24/string/../sysdeps/mips/memset.S
fn=memset
211 14 2 2 0 0 0 0 0 0
212 14 0 0 0 0 0 0 0 0
213 14 0 0 0 0 0 0 0 0
217 10 0 0 0 0 0 0 0 0
218 10 2 2 0 0 0 0 0 0
253 10 0 0 0 0 0 0 0 0
254 10 0 0 0 0 0 0 0 0
255 10 0 0 0 0 0 0 0 0
302 10 2 2 0 0 0 0 0 0
303 10 0 0 0 0 0 0 0 0
304 10 0 0 0 0 0 0 0 0
305 1 0 0 0 0 0 1 1 1
306 1 0 0 0 0 0 0 0 0
315 10 0 0 0 0 0 0 0 0
316 10 0 0 0 0 0 0 0 0
317 10 2 2 0 0 0 0 0 0
318 7 0 0 0 0 0 0 0 0
327 7 0 0 0 0 0 0 0 0
328 7 0 0 0 0 0 0 0 0
340 78 0 0 0 0 0 0 0 0
341 78 0 0 0 0 0 0 0 0
342 78 0 0 0 0 0 0 0 0
347 66 0 0 0 0 0 0 0 0
348 66 0 0 0 0 0 0 0 0
351 78 1 1 0 0 0 78 73 73
352 78 0 0 0 0 0 78 0 0
353 78 0 0 0 0 0 78 1 1
354 78 0 0 0 0 0 78 0 0
355 78 0 0 0 0 0 78 4 4
356 78 0 0 0 0 0 78 0 0
357 78 0 0 0 0 0 78 0 0
358 78 1 1 0 0 0 78 0 0
359 78 0 0 0 0 0 78 73 73
360 78 0 0 0 0 0 78 0 0
361 78 0 0 0 0 0 78 1 1
362 78 0 0 0 0 0 78 0 0
363 78 0 0 0 0 0 78 3 3
364 78 0 0 0 0 0 78 0 0
365 78 0 0 0 0 0 78 0 0
366 78 1 1 0 0 0 78 0 0
367 78 0 0 0 0 0 0 0 0
368 78 0 0 0 0 0 0 0 0
369 78 0 0 0 0 0 0 0 0
370 7 0 0 0 0 0 0 0 0
376 10 1 1 0 0 0 0 0 0
378 10 0 0 0 0 0 0 0 0
379 10 0 0 0 0 0 0 0 0
380 1 1 1 0 0 0 1 1 1
381 1 0 0 0 0 0 1 0 0
382 1 0 0 0 0 0 1 0 0
383 1 0 0 0 0 0 1 0 0
384 1 0 0 0 0 0 1 0 0
385 1 0 0 0 0 0 1 0 0
386 1 0 0 0 0 0 1 0 0
387 1 0 0 0 0 0 1 0 0
388 1 0 0 0 0 0 0 0 0
396 10 1 1 0 0 0 0 0 0
397 10 0 0 0 0 0 0 0 0
398 10 0 0 0 0 0 0 0 0
399 4 0 0 0 0 0 0 0 0
403 14 0 0 0 0 0 0 0 0
404 14 0 0 0 0 0 0 0 0
405 14 0 0 0 0 0 14 1 1
409 14 2 1 0 0 0 0 0 0
410 14 0 0 0 0 0 0 0 0
412 12 0 0 0 0 0 0 0 0
413 12 0 0 0 0 0 0 0 0
414 12 0 0 0 0 0 12 0 0
416 14 0 0 0 0 0 0 0 0
417 14 0 0 0 0 0 0 0 0
fl=/build/glibc-qeih7b/glibc-2.24/string/../sysdeps/mips/strcmp.S
fn=strcmp
82 538 1 1 0 0 0 0 0 0
83 538 0 0 0 0 0 0 0 0
84 538 0 0 0 0 0 0 0 0
88 538 0 0 0 0 0 0 0 0
89 29 1 1 0 0 0 0 0 0
90 29 0 0 0 0 0 0 0 0
91 29 0 0 0 0 0 0 0 0
103 151 1 1 58 13 7 0 0 0
104 3 0 0 0 0 0 0 0 0
105 21 1 1 6 0 0 0 0 0
106 3 0 0 0 0 0 0 0 0
107 14 1 1 4 0 0 0 0 0
108 2 0 0 0 0 0 0 0 0
109 14 1 1 4 1 1 0 0 0
110 2 0 0 0 0 0 0 0 0
111 7 1 1 2 0 0 0 0 0
112 1 0 0 0 0 0 0 0 0
123 3 0 0 0 0 0 0 0 0
124 3 0 0 0 0 0 0 0 0
173 26 1 1 0 0 0 0 0 0
174 26 1 1 0 0 0 0 0 0
175 26 0 0 0 0 0 0 0 0
176 26 0 0 0 0 0 0 0 0
178 26 0 0 0 0 0 0 0 0
179 11 0 0 0 0 0 0 0 0
180 11 0 0 0 0 0 0 0 0
181 11 0 0 0 0 0 0 0 0
182 11 0 0 0 0 0 0 0 0
183 11 1 1 0 0 0 0 0 0
185 11 0 0 0 0 0 0 0 0
186 2 0 0 0 0 0 0 0 0
187 2 0 0 0 0 0 0 0 0
188 2 0 0 0 0 0 0 0 0
189 2 0 0 0 0 0 0 0 0
190 2 0 0 0 0 0 0 0 0
192 2 0 0 0 0 0 0 0 0
197 9 0 0 0 0 0 0 0 0
198 9 0 0 0 0 0 0 0 0
200 17 0 0 0 0 0 0 0 0
201 17 0 0 0 0 0 0 0 0
222 3143 2 2 1258 161 117 0 0 0
223 1889 0 0 967 12 9 0 0 0
224 940 1 1 417 3 2 0 0 0
225 777 1 1 324 1 1 0 0 0
226 750 0 0 302 0 0 0 0 0
227 720 1 1 292 1 0 0 0 0
228 670 0 0 272 1 1 0 0 0
229 624 1 1 252 1 0 0 0 0
230 120 0 0 0 0 0 0 0 0
231 120 0 0 0 0 0 0 0 0
232 120 0 0 0 0 0 0 0 0
235 328 1 1 0 0 0 0 0 0
236 328 0 0 0 0 0 0 0 0
238 181 0 0 0 0 0 0 0 0
239 181 0 0 0 0 0 0 0 0
fl=/build/glibc-qeih7b/glibc-2.24/string/memcmp.c
fn=bcmp
125 22 1 1 0 0 0 0 0 0
145 3 1 1 3 1 1 0 0 0
146 6 0 0 3 1 1 0 0 0
149 1 0 0 1 1 1 0 0 0
150 1 0 0 1 0 0 0 0 0
152 1 0 0 0 0 0 0 0 0
153 1 0 0 0 0 0 0 0 0
161 1 0 0 1 0 0 0 0 0
163 2 0 0 1 0 0 0 0 0
164 6 2 2 0 0 0 0 0 0
167 4 0 0 4 0 0 0 0 0
169 8 0 0 4 0 0 0 0 0
173 8 1 1 4 0 0 0 0 0
175 8 1 1 4 0 0 0 0 0
179 2 1 1 2 0 0 0 0 0
181 4 0 0 2 1 1 0 0 0
186 2 0 0 0 0 0 0 0 0
188 4 0 0 0 0 0 0 0 0
193 4 0 0 0 0 0 0 0 0
194 12 1 1 0 0 0 0 0 0
308 11 0 0 0 0 0 0 0 0
312 33 1 1 0 0 0 0 0 0
316 12 0 0 0 0 0 0 0 0
332 12 1 1 0 0 0 0 0 0
333 4 0 0 0 0 0 0 0 0
340 6 0 0 0 0 0 0 0 0
341 2 0 0 0 0 0 0 0 0
342 2 0 0 0 0 0 0 0 0
346 120 2 2 0 0 0 0 0 0
348 49 0 0 49 2 2 0 0 0
349 56 0 0 49 3 3 0 0 0
350 7 0 0 0 0 0 0 0 0
352 49 1 1 0 0 0 0 0 0
353 100 0 0 0 0 0 0 0 0
359 12 0 0 0 0 0 0 0 0
fl=/build/glibc-qeih7b/glibc-2.24/string/strchr.c
fn=index
45 66 2 2 0 0 0 0 0 0
46 15 2 2 0 0 0 0 0 0
48 28 2 2 8 3 2 0 0 0
50 14 0 0 0 0 0 0 0 0
71 29 2 2 0 0 0 0 0 0
72 14 0 0 0 0 0 0 0 0
118 50 0 0 25 1 1 0 0 0
121 39 0 0 0 0 0 0 0 0
124 50 0 0 0 0 0 0 0 0
129 114 4 4 0 0 0 0 0 0
132 100 2 2 0 0 0 0 0 0
140 21 0 0 7 0 0 0 0 0
142 12 0 0 0 0 0 0 0 0
144 15 2 2 5 0 0 0 0 0
146 10 0 0 0 0 0 0 0 0
148 12 0 0 4 0 0 0 0 0
150 8 1 1 0 0 0 0 0 0
152 5 2 2 1 0 0 0 0 0
179 10 0 0 0 0 0 0 0 0
fl=/build/glibc-qeih7b/glibc-2.24/string/strchrnul.c
fn=strchrnul
47 48 1 1 0 0 0 0 0 0
48 23 1 1 0 0 0 0 0 0
50 72 1 1 10 0 0 0 0 0
71 65 1 1 0 0 0 0 0 0
72 26 0 0 0 0 0 0 0 0
118 42 0 0 14 2 2 0 0 0
121 40 1 1 0 0 0 0 0 0
124 28 0 0 0 0 0 0 0 0
129 82 0 0 0 0 0 0 0 0
132 56 1 1 0 0 0 0 0 0
140 63 1 1 13 0 0 0 0 0
142 42 1 1 12 0 0 0 0 0
144 3 0 0 1 0 0 0 0 0
164 24 1 1 0 0 0 0 0 0
fl=/build/glibc-qeih7b/glibc-2.24/string/strcspn.c
fn=strcspn
32 10 1 1 0 0 0 5 2 2
33 6 1 1 3 1 1 0 0 0
39 5 0 0 1 0 0 0 0 0
40 7 2 2 2 0 0 0 0 0
41 6 0 0 2 0 0 0 0 0
42 6 1 1 1 0 0 0 0 0
47 10 0 0 3 0 0 0 0 0
48 6 1 1 0 0 0 3 0 0
51 5 0 0 3 0 0 0 0 0
52 5 1 1 2 0 0 0 0 0
53 5 1 1 2 0 0 0 0 0
54 5 2 2 2 0 0 0 0 0
56 2 0 0 0 0 0 0 0 0
61 1 0 0 0 0 0 0 0 0
62 42 1 1 28 2 2 0 0 0
63 28 0 0 14 0 0 0 0 0
64 56 0 0 42 0 0 0 0 0
65 28 0 0 14 0 0 0 0 0
67 99 1 1 14 0 0 0 0 0
70 5 1 1 0 0 0 0 0 0
71 6 0 0 4 0 0 0 0 0
fl=/build/glibc-qeih7b/glibc-2.24/string/strdup.c
fn=strdup
40 16 2 2 0 0 0 6 1 1
41 10 0 0 4 0 0 2 0 0
42 6 0 0 2 0 0 0 0 0
44 4 1 1 2 0 0 0 0 0
47 10 1 1 2 0 0 0 0 0
48 8 0 0 6 0 0 0 0 0
fl=/build/glibc-qeih7b/glibc-2.24/string/strlen.c
fn=strlen
41 216 1 1 0 0 0 0 0 0
42 43 2 2 0 0 0 0 0 0
43 6 0 0 0 0 0 0 0 0
44 22 0 0 6 0 0 0 0 0
78 204 1 1 102 4 4 0 0 0
80 760 4 4 0 0 0 0 0 0
87 111 1 1 37 0 0 0 0 0
88 2 1 1 0 0 0 0 0 0
89 108 0 0 36 0 0 0 0 0
90 102 2 2 0 0 0 0 0 0
91 6 0 0 2 0 0 0 0 0
92 6 0 0 0 0 0 0 0 0
fl=/build/glibc-qeih7b/glibc-2.24/string/strrchr.c
fn=rindex
29 8 2 2 0 0 0 3 1 0
36 5 1 1 0 0 0 1 0 0
40 21 1 1 6 1 0 0 0 0
43 2 0 0 0 0 0 0 0 0
47 6 0 0 3 0 0 0 0 0
fl=/root/TP2/OrgaCompusTP2/main.c
fn=main
27 10 2 2 0 0 0 5 0 0
33 1 0 0 0 0 0 1 0 0
39 2 1 1 0 0 0 1 0 0
45 25 4 4 9 0 0 1 0 0
46 10 1 1 4 0 0 6 0 0
48 18 3 3 8 0 0 2 1 0
50 6 0 0 2 0 0 0 0 0
51 9 0 0 4 0 0 0 0 0
54 2 1 1 1 0 0 1 0 0
55 10 1 1 3 1 0 1 0 0
56 8 1 1 3 0 0 0 0 0
60 4 2 2 2 0 0 0 0 0
64 3 2 2 1 0 0 0 0 0
68 2 1 1 1 0 0 1 0 0
92 2 0 0 1 0 0 1 0 0
96 11 1 1 5 1 0 1 0 0
99 100 3 3 39 0 0 10 0 0
100 18 0 0 9 0 0 9 0 0
101 81 1 1 27 0 0 9 0 0
102 72 1 1 27 0 0 0 0 0
106 36 2 2 18 0 0 0 0 0
110 63 1 1 36 0 0 9 1 1
114 11 1 1 5 0 0 1 0 0
117 100 2 2 39 0 0 10 0 0
118 18 1 1 9 0 0 9 0 0
119 81 1 1 27 0 0 9 0 0
120 72 1 1 27 0 0 0 0 0
124 36 1 1 18 0 0 0 0 0
128 63 1 1 36 0 0 9 1 1
131 8 1 1 2 0 0 0 0 0
134 13 2 2 6 0 0 1 1 1
137 8 1 1 2 0 0 0 0 0
139 7 1 1 2 1 1 1 0 0
140 12 1 1 5 3 3 1 0 0
142 13 3 2 5 2 2 0 0 0
145 12 1 1 7 0 0 0 0 0
147 6 1 1 3 0 0 0 0 0
148 6 1 1 3 0 0 0 0 0
149 6 1 1 3 0 0 0 0 0
150 6 0 0 3 0 0 0 0 0
153 3 1 1 0 0 0 0 0 0
162 6 2 2 2 0 0 0 0 0
fl=/root/TP2/OrgaCompusTP2/matrix.c
fn=create_matrix
38 30 1 1 0 0 0 15 0 0
41 30 1 1 9 1 0 3 0 0
46 9 1 1 6 0 0 3 0 0
47 9 0 0 6 0 0 3 0 0
48 51 3 3 21 0 0 3 0 0
54 3 1 1 3 0 0 0 0 0
55 18 0 0 6 0 0 0 0 0
fn=destroy_matrix
59 27 2 2 0 0 0 12 0 0
60 9 0 0 3 0 0 0 0 0
61 24 1 1 12 0 0 0 0 0
62 24 1 1 9 0 0 0 0 0
63 18 0 0 6 0 0 0 0 0
fn=print_matrix
67 10 2 2 0 0 0 5 0 0
70 3 0 0 2 0 0 1 0 0
71 13 2 2 6 1 1 0 0 0
75 32 3 3 11 0 0 4 0 0
76 96 2 2 33 0 0 12 0 0
77 198 3 3 90 0 0 0 0 0
81 10 1 1 4 0 0 0 0 0
85 1 1 1 0 0 0 0 0 0
86 6 0 0 2 0 0 0 0 0
fn=read_line
4 18 2 2 0 0 0 8 0 0
8 6 0 0 0 0 0 4 0 0
11 14 1 1 6 1 0 2 0 0
12 6 0 0 2 0 0 0 0 0
17 581 3 3 194 2 0 39 0 0
18 296 1 1 111 0 0 74 1 1
19 185 1 1 74 0 0 0 0 0
28 8 0 0 2 0 0 0 0 0
29 7 1 1 2 0 0 2 0 0
31 12 1 1 4 0 0 4 0 0
32 2 0 0 2 0 0 0 0 0
33 12 1 1 4 0 0 0 0 0
fl=/root/TP2/OrgaCompusTP2/multiplicar.s
fn=matrix_multiply
19 3 1 1 0 0 0 0 0 0
21 1 0 0 0 0 0 0 0 0
22 1 0 0 0 0 0 1 0 0
23 1 0 0 0 0 0 1 0 0
24 1 0 0 0 0 0 0 0 0
25 1 0 0 0 0 0 1 0 0
26 1 1 1 0 0 0 1 0 0
27 1 0 0 0 0 0 1 0 0
28 1 0 0 0 0 0 1 0 0
29 1 0 0 1 0 0 0 0 0
30 1 0 0 1 0 0 0 0 0
31 1 0 0 0 0 0 1 0 0
32 1 0 0 1 0 0 0 0 0
33 1 0 0 1 0 0 0 0 0
34 1 1 1 1 0 0 0 0 0
35 1 0 0 0 0 0 0 0 0
37 1 0 0 0 0 0 0 0 0
38 1 0 0 0 0 0 0 0 0
40 1 0 0 1 0 0 0 0 0
41 1 0 0 0 0 0 1 0 0
42 1 0 0 1 0 0 0 0 0
43 1 0 0 0 0 0 0 0 0
44 1 1 1 0 0 0 0 0 0
51 1 0 0 1 0 0 0 0 0
52 1 0 0 1 0 0 0 0 0
53 1 0 0 0 0 0 0 0 0
54 1 0 0 0 0 0 0 0 0
55 1 1 1 0 0 0 0 0 0
56 1 0 0 0 0 0 0 0 0
57 1 0 0 1 0 0 0 0 0
58 1 0 0 0 0 0 0 0 0
59 1 0 0 0 0 0 1 0 0
60 1 0 0 0 0 0 1 0 0
61 1 0 0 0 0 0 0 0 0
62 1 0 0 0 0 0 0 0 0
65 3 1 1 0 0 0 3 0 0
66 3 0 0 0 0 0 0 0 0
67 3 0 0 0 0 0 0 0 0
70 9 0 0 9 0 0 0 0 0
71 9 0 0 9 0 0 0 0 0
72 9 0 0 9 0 0 0 0 0
73 9 0 0 9 0 0 0 0 0
74 9 0 0 0 0 0 0 0 0
75 9 1 1 9 0 0 0 0 0
76 9 0 0 0 0 0 0 0 0
77 9 0 0 0 0 0 0 0 0
78 9 0 0 0 0 0 0 0 0
79 9 0 0 0 0 0 9 1 1
80 9 0 0 0 0 0 9 0 0
81 9 0 0 9 0 0 0 0 0
82 9 0 0 0 0 0 0 0 0
83 9 0 0 0 0 0 9 0 0
85 12 1 1 12 0 0 0 0 0
86 12 0 0 12 0 0 0 0 0
87 12 0 0 0 0 0 0 0 0
88 12 0 0 0 0 0 0 0 0
89 12 0 0 0 0 0 0 0 0
91 3 0 0 3 0 0 0 0 0
92 3 0 0 0 0 0 0 0 0
93 3 0 0 0 0 0 3 0 0
95 4 1 1 4 0 0 0 0 0
96 4 0 0 4 0 0 0 0 0
97 4 0 0 0 0 0 0 0 0
98 4 0 0 0 0 0 0 0 0
99 4 0 0 0 0 0 0 0 0
101 1 0 0 0 0 0 0 0 0
102 1 0 0 0 0 0 1 0 0
103 1 1 1 1 0 0 0 0 0
104 1 0 0 0 0 0 0 0 0
105 1 0 0 0 0 0 0 0 0
106 1 0 0 1 0 0 0 0 0
107 1 0 0 0 0 0 0 0 0
109 1 0 0 0 0 0 0 0 0
110 1 0 0 0 0 0 0 0 0
112 1 0 0 1 0 0 0 0 0
113 1 1 1 0 0 0 1 0 0
114 1 0 0 0 0 0 1 0 0
115 1 0 0 0 0 0 0 0 0
116 1 0 0 0 0 0 0 0 0
119 10485760 0 0 10485760 0 0 0 0 0
120 10485760 0 0 0 0 0 0 0 0
121 10485760 0 0 10485760 0 0 0 0 0
122 10485760 0 0 0 0 0 0 0 0
123 10485760 0 0 0 0 0 0 0 0
124 10485760 0 0 0 0 0 10485760 1310720 1310720
125 10485760 0 0 10485760 0 0 0 0 0
126 10485760 0 0 0 0 0 0 0 0
127 10485760 0 0 0 0 0 10485760 0 0
129 10485761 1 1 10485761 0 0 0 0 0
130 10485761 0 0 10485761 0 0 0 0 0
131 10485761 0 0 0 0 0 0 0 0
132 10485761 1 1 0 0 0 0 0 0
133 10485761 0 0 0 0 0 0 0 0
135 1 0 0 1 0 0 0 0 0
136 1 0 0 1 1 1 0 0 0
137 1 0 0 0 0 0 0 0 0
139 1 0 0 0 0 0 0 0 0
140 1 0 0 0 0 0 0 0 0
142 1 0 0 1 0 0 0 0 0
143 1 1 1 0 0 0 1 1 1
144 1 0 0 0 0 0 0 0 0
145 1 0 0 0 0 0 0 0 0
148 1 0 0 0 0 0 1 0 0
149 1 0 0 0 0 0 0 0 0
150 1 0 0 0 0 0 0 0 0
153 1 0 0 0 0 0 1 0 0
154 1 0 0 0 0 0 0 0 0
155 1 1 1 0 0 0 0 0 0
158 3 0 0 3 0 0 0 0 0
159 3 0 0 0 0 0 3 0 0
160 3 0 0 0 0 0 0 0 0
161 3 0 0 0 0 0 0 0 0
164 9 0 0 9 0 0 0 0 0
165 9 0 0 9 1 1 0 0 0
166 9 0 0 9 0 0 0 0 0
167 9 1 1 9 0 0 0 0 0
168 9 0 0 0 0 0 0 0 0
169 9 0 0 9 0 0 0 0 0
170 9 0 0 0 0 0 0 0 0
171 9 0 0 0 0 0 0 0 0
172 9 0 0 0 0 0 0 0 0
173 9 0 0 9 2 2 0 0 0
174 9 0 0 0 0 0 9 0 0
175 9 1 1 9 0 0 0 0 0
176 9 0 0 0 0 0 9 0 0
177 9 0 0 0 0 0 0 0 0
178 9 0 0 0 0 0 0 0 0
181 27 0 0 27 0 0 0 0 0
182 27 0 0 27 1 1 0 0 0
183 27 0 0 27 0 0 0 0 0
184 27 0 0 27 0 0 0 0 0
185 27 1 1 0 0 0 0 0 0
186 27 0 0 27 0 0 0 0 0
187 27 0 0 0 0 0 0 0 0
188 27 0 0 0 0 0 0 0 0
189 27 0 0 0 0 0 0 0 0
190 27 0 0 27 2 2 0 0 0
191 27 0 0 27 0 0 0 0 0
192 27 0 0 27 1 1 0 0 0
193 27 1 1 27 0 0 0 0 0
194 27 0 0 27 0 0 0 0 0
195 27 0 0 0 0 0 0 0 0
196 27 0 0 27 0 0 0 0 0
197 27 0 0 0 0 0 0 0 0
198 27 0 0 0 0 0 0 0 0
199 27 0 0 0 0 0 0 0 0
200 27 0 0 27 2 2 0 0 0
201 27 0 0 0 0 0 0 0 0
202 27 0 0 27 0 0 0 0 0
203 27 0 0 0 0 0 0 0 0
204 27 0 0 0 0 0 27 0 0
205 27 0 0 27 0 0 0 0 0
206 27 0 0 0 0 0 0 0 0
207 27 0 0 0 0 0 27 0 0
209 36 1 1 36 0 0 0 0 0
210 36 1 1 36 0 0 0 0 0
211 36 0 0 0 0 0 0 0 0
212 36 0 0 36 0 0 0 0 0
213 36 0 0 0 0 0 0 0 0
214 36 0 0 0 0 0 0 0 0
215 36 0 0 0 0 0 0 0 0
217 9 0 0 9 0 0 0 0 0
218 9 0 0 9 0 0 0 0 0
219 9 1 1 9 0 0 0 0 0
220 9 0 0 9 0 0 0 0 0
221 9 0 0 0 0 0 0 0 0
222 9 0 0 9 0 0 0 0 0
223 9 0 0 0 0 0 0 0 0
224 9 0 0 0 0 0 0 0 0
225 9 0 0 0 0 0 0 0 0
226 9 0 0 9 0 0 0 0 0
227 9 0 0 0 0 0 9 0 0
228 9 0 0 9 0 0 0 0 0
229 9 0 0 0 0 0 0 0 0
230 9 0 0 0 0 0 9 0 0
232 12 1 1 12 1 1 0 0 0
233 12 0 0 12 0 0 0 0 0
234 12 0 0 0 0 0 0 0 0
235 12 0 0 12 0 0 0 0 0
236 12 0 0 0 0 0 0 0 0
237 12 0 0 0 0 0 0 0 0
238 12 0 0 0 0 0 0 0 0
240 3 0 0 3 0 0 0 0 0
241 3 0 0 0 0 0 0 0 0
242 3 0 0 0 0 0 3 0 0
244 4 1 1 4 0 0 0 0 0
245 4 0 0 4 0 0 0 0 0
246 4 0 0 0 0 0 0 0 0
247 4 0 0 0 0 0 0 0 0
248 4 0 0 0 0 0 0 0 0
250 1 0 0 1 0 0 0 0 0
251 1 0 0 1 0 0 0 0 0
252 1 0 0 0 0 0 0 0 0
253 1 0 0 0 0 0 1 0 0
255 2 1 1 2 0 0 0 0 0
256 2 1 1 2 0 0 0 0 0
257 2 0 0 0 0 0 0 0 0
258 2 0 0 0 0 0 0 0 0
259 2 0 0 0 0 0 0 0 0
261 1 0 0 1 0 0 0 0 0
262 1 0 0 1 0 0 0 0 0
263 1 0 0 0 0 0 0 0 0
264 1 0 0 0 0 0 1 0 0
266 2 1 1 2 0 0 0 0 0
267 2 0 0 2 0 0 0 0 0
268 2 0 0 0 0 0 0 0 0
269 2 0 0 0 0 0 0 0 0
270 2 0 0 0 0 0 0 0 0
272 1 0 0 1 0 0 0 0 0
274 1 0 0 0 0 0 0 0 0
275 1 0 0 1 0 0 0 0 0
276 1 0 0 1 0 0 0 0 0
277 1 0 0 0 0 0 0 0 0
278 1 0 0 0 0 0 0 0 0
279 1 0 0 0 0 0 0 0 0
fl=???
fn=???
0 249 44 42 64 6 5 23 0 0
fn=__libc_csu_init
0 41 6 6 12 0 0 8 0 0
fn=__start
0 23 3 3 4 1 1 1 0 0
fn=_dl_runtime_resolve
0 341 5 5 77 2 1 66 2 2
fn=_dl_start_user
0 31 4 4 9 1 0 2 0 0
summary: 147122673 2348 2333 52512675 3604 2900 21014201 1311298 1311252
